stack_name,fim_stack,pipeline_mode,permutation_name,status,dataset,protected_attribute,budget,diffusion_model,ranking_policy,community_method,community_input_mode,clustering_method,clustering_input_mode,num_clusters,cluster_sizes_json,seed_cluster_counts_json,clusters_covered,cluster_coverage_ratio,largest_cluster_seed_fraction,smallest_cluster_size,largest_cluster_size,cluster_diversity_weight,use_clustering_features,use_cluster_diversity_bonus,cluster_balance_enabled,cluster_repair_enabled,embedding_method,ranking_model,optimizer_mode,method_type,graph_embedding_algorithm,ml_ranking_algorithm,community_detection_algorithm,clustering_algorithm,diffusion_model_name,search_time_spread_estimator,fair_ris_mode,fairness_influence_objective,fair_influence_optimizer,repair_strategy,local_refinement,final_evaluator,ranking_policy_name,repair_enabled,swap_local_search_enabled,debias_mode,fairness_objective,search_estimator,final_estimator,spread_estimator_search,spread_estimator_final,search_spread_estimator,search_guidance_estimator,final_spread_estimator,method,variant_type,seed_set,total_spread,extra_spread,mf,dcv,f_score,MF,DCV,F-score,runtime_seconds,search_runtime_seconds,final_eval_runtime_seconds,time_dataset_loading,time_preprocessing,time_community_detection,time_embedding,time_ris,time_rr_generation,time_ris_evaluation,time_mc_search_evaluation,time_final_mc_evaluation,time_search_objective_total,time_candidate_scoring,time_optimizer,time_repair,time_local_search,time_final_mc,time_reporting,runtime_breakdown_json,scalability_mode,scalability_pass,candidate_pool_size,use_ris,use_fair_ris,fair_ris_enabled,ris_mode,ris_num_rr_sets,effective_ris_num_rr_sets,ris_reuse_rr_sets,ris_score_nonzero_count,ris_score_std,fair_ris_score_nonzero_count,fair_ris_score_std,ris_verified,fair_ris_verified,ris_active_verified,fair_ris_active_verified,ris_verification_warnings,ris_cache_hit,ris_cache_path,ris_generation_time,rr_sets_generated,rr_sets_used,search_mc_eval_calls,search_ris_eval_calls,search_fair_ris_eval_calls,final_mc_eval_calls,approx_final_search_f_score,final_mc_f_score,approx_final_search_spread,final_mc_spread,ris_mc_sanity_check_enabled,ris_mc_sanity_check_seed_sets,ris_mc_sanity_spearman_f_score,ris_mc_sanity_spearman_spread,ris_mc_sanity_mean_abs_f_score_error,ris_mc_sanity_recommendation,force_ris_for_all_stacks,require_ris,zero_covered_groups_count,fraction_groups_covered,zero_covered_groups,fairness_gate_status,fairness_gate_failures,protected_group_coverage_summary,protected_group_counts,seed_count,expected_seed_count,duplicate_seed_count,seed_group_counts,seed_community_counts,seed_communities_covered,largest_community_seed_fraction,smallest_group_seed_count,largest_group_seed_count,group_imbalance_ratio,budget_per_group_estimate,group_influence_distribution,normalized_group_influence_distribution,parity_target,parity_abs_error,parity_squared_error,over_served_groups,under_served_groups,protected_group_influence_json,protected_group_normalized_influence_json,weakest_protected_group,strongest_protected_group,weakest_group,strongest_group,negative_f_score_reason,adaptive_fairness_multiplier,large_imbalance_fairness_active,large_imbalance_fairness_mode,use_dcv_targeting,use_over_served_group_penalty,use_dcv_first_swap_acceptance,use_dcv_parity_repair,score_normalization,candidate_pool_group_counts,candidate_pool_group_quota,candidate_pool_group_quota_shortfall,group_stratified_candidate_pool,budget_adequacy_warning,seed_quota_per_protected_group,initial_population_group_coverage_summary,repair_attempts,weak_group_repairs,duplicate_repairs,protected_group_seed_counts_before_repair,protected_group_seed_counts_after_repair,swap_attempts,swap_accepted,swap_rejected_fairness_degradation,rejected_fairness_drops,swap_accepted_fscore_improvement,swap_accepted_mf_improvement,swap_accepted_spread_fairness_preserved,swaps_accepted_dcv_improvement,swaps_rejected_dcv_worsening,dcv_before_parity_repair,dcv_after_parity_repair_estimated,parity_repair_attempts,parity_repair_successes,groups_rebalanced,memetic_crossover_rate,memetic_mutation_rate,memetic_local_search_enabled,memetic_local_search_top_elites,memetic_local_search_intensity,memetic_local_search_attempts,memetic_local_search_improvements,memetic_accepted_fscore_moves,memetic_accepted_mf_dcv_moves,memetic_accepted_spread_safe_moves,memetic_duplicate_repairs,memetic_budget_repairs,memetic_community_repairs,diversity_score,best_generation,final_fitness,optimizer_diagnostics_json,mc_runs_search,mc_runs_eval,population_size,generations,key_enabled_modules,use_community_features,community_feature_mode,allow_protected_features_in_ml,ml_score_weight,ris_score_weight,fair_ris_score_weight,fairness_bonus_weight,weak_group_bonus_weight,community_diversity_weight,protected_group_coverage_weight,spread_proxy_weight,community_balance_enabled,protected_group_balance_enabled,repair_mode,initial_seed_source,repaired_seed_sets,successful_swaps,final_community_coverage,final_seed_count_per_community,community_coverage_ratio,final_protected_group_coverage,num_communities,community_modularity,score_table_path,embeddings_cache_path,embedding_cache_status,community_cache_status,ris_cache_status,score_cache_status,fitness_cache_hits,marginal_cache_hits,swap_cache_hits,community_assignments_path,community_sizes_path,diagnostics_path,diagnostics_json,candidate_score_components_constant,score_component_stats_json,constant_score_components,notes,skip_reason,skipped_reason,random_seed
community_aware_fair_greedy,community_aware_fair_greedy,baseline,community_aware_fair_greedy,ok,twitter,color,120,ic,professor_priority,leiden,graph,none,none,,,,,,,,,,,,,,none,fairness_weighted_greedy,local_search,non_ml_baseline,None,None,Leiden,K-Means,Independent Cascade,Fair Reverse Influence Sampling / Fair RIS,weak_group_weighted,F-score fairness / influence objective,Fairness-weighted greedy + local search,Fairness-first repair,Swap Local Search,Monte Carlo simulation,Professor-priority ranking,True,True,none,f_score,fairness_aware_ris,monte_carlo,fairness_aware_ris,monte_carlo,ris_guidance,fair_ris_guidance,monte_carlo,community_round_robin+fairness_weighted_greedy+swap_local_search,interpretable_baseline,"[10104672, 10138132, 1058591, 10651272, 10732492, 10821392, 11069572, 11120172, 11288162, 11350892, 11620042, 11763862, 12081592, 12222522, 12327342, 12740012, 13008262, 13118432, 13225072, 13253832, 13253992, 13285072, 13651452, 13767032, 13936882, 14050355, 14061925, 14070830, 14099733, 14102919, 14110743, 14111623, 14126174, 14152810, 14155739, 14204887, 14215410, 14220561, 14255702, 14268324, 14269768, 14294948, 14307465, 14333927, 14342597, 14350969, 14421893, 14444930, 14460783, 14475952, 14479538, 14505596, 14506615, 14516061, 14537873, 14555289, 14702781, 14719235, 14737298, 14749267, 147563, 14770241, 14799428, 14818703, 14828860, 14832751, 14837803, 14866770, 14923674, 14927129, 14932486, 14959367, 14984480, 15011971, 15013313, 15070780, 15093092, 15135342, 15162962, 15197493, 15220372, 15225972, 15303316, 15339370, 15447927, 15466457, 15495464, 15497454, 15501729, 15513388, 15585410, 15592537, 15741724, 15791504, 15792031, 15798850, 15808140, 15823113, 15838767, 15852053, 15865288, 15880652, 15888299, 15906181, 15917850, 15954487, 15957148, 15978412, 15997827, 16040695, 16045488, 16078680, 16145074, 16168407, 16186643, 16188243, 16227947, 16257494, 16269833, 16335288]",125.31666666666666,5.316666666666663,0.02104779189352692,0.12321932089442779,-0.05108576450045044,0.02104779189352692,0.12321932089442779,-0.05108576450045044,12.332604400000491,12.160415600000306,0.17218880000018544,0.011011600000529143,0.0071678000003885245,0.3367041999999856,,0.010878999999476946,0.010878999999476946,5.676145099902897,0.0,0.17218880000018544,5.676145099902897,1.1887551999998323,7.373324000000139,,3.2616322000003493,0.17218880000018544,0.452139,"{""candidate_scoring"": 1.1887551999998323, ""community_detection"": 0.3367041999999856, ""dataset_loading"": 0.011011600000529143, ""embedding_generation"": null, ""final_mc_evaluation"": 0.17218880000018544, ""mc_search_evaluation"": 0.0, ""preprocessing"": 0.0071678000003885245, ""repair"": null, ""reporting"": null, ""ris_rr-set_generation"": 0.010878999999476946, ""ris_search_evaluation"": 5.676145099902897, ""rr-set_generation"": 0.010878999999476946, ""search_objective_total"": 5.676145099902897, ""siea_optimization"": 7.373324000000139, ""swap_local_search"": 3.2616322000003493, ""total_runtime"": 12.332604400000491}",auto,True,500,True,True,True,weak_group_weighted,128,256,True,258,0.14075266052430918,258,0.1408174658369091,True,True,True,True,,False,C:\Users\User\Desktop\VKU-Internship-2026\results\clustering_kmeans_diagnostic_only\runs\seed_42\budget_120\color\twitter\color\twitter_community_aware_fair_greedy_ris_weak_group_weighted_rr256_cache.pkl,0.010878999999476946,256,256,0,0,55740,1,0.0,-0.05108576450045044,0.0,125.31666666666666,False,0,,,,,True,True,0,1.0,0,fail,min_f_score,"{""0"": 31, ""1"": 55, ""2"": 34}","{'0': 812, '1': 2755, '2': 186}",120,120,0,"{""0"": 31, ""1"": 55, ""2"": 34}","{""0"": 9, ""1"": 6, ""10"": 7, ""14"": 2, ""17"": 6, ""19"": 23, ""2"": 15, ""20"": 2, ""22"": 4, ""24"": 3, ""25"": 6, ""27"": 6, ""29"": 4, ""3"": 1, ""35"": 1, ""38"": 3, ""4"": 2, ""5"": 4, ""51"": 1, ""63"": 1, ""8"": 11, ""9"": 3}",22,0.19166666666666668,31,55,14.811827956989248,"{'0': 25.963229416466827, '1': 88.08952837729817, '2': 5.947242206235012}","{'0': 32.29333333333334, '1': 57.986666666666665, '2': 35.03666666666667}","{'0': 0.03977011494252874, '1': 0.02104779189352692, '2': 0.18836917562724015}",0.0830623608210986,0.21061362961228308,0.016809550557098082,['2'],"['0', '1']","{""0"": 32.29333333333334, ""1"": 57.986666666666665, ""2"": 35.03666666666667}","{""0"": 0.03977011494252874, ""1"": 0.02104779189352692, ""2"": 0.18836917562724015}",1,2,1,2,DCV exceeds MF after lambda weighting; weakest protected group has low normalized influence.,2.0,True,auto,,,,,per_group,,,,,Budget may be too small for stable fairness on this graph. Reasons: protected-group imbalance ratio above warning threshold,,,,,,,,,,,,,,,,,,,0,0,[],,,,,,,,,,,,,,,,,"{""accepted_dcv_improvement_swaps"": null, ""accepted_fscore_swaps"": null, ""accepted_mf_dcv_moves"": null, ""accepted_spread_safe_swaps"": null, ""best_generation"": null, ""candidate_pool_size"": 500, ""crossover_rate"": null, ""dcv_after_parity_repair_estimated"": null, ""dcv_before_parity_repair"": null, ""diversity_score"": null, ""duplicate_repairs"": null, ""final_fitness"": null, ""generations"": 10, ""initial_population_size"": 16, ""local_search_attempts"": null, ""local_search_enabled"": null, ""local_search_improvements"": null, ""local_search_intensity"": null, ""local_search_top_elites"": null, ""mutation_rate"": null, ""optimizer_mode"": ""local_search"", ""parity_repair_attempts"": 0, ""parity_repair_successes"": 0, ""rejected_dcv_worsening_swaps"": null, ""rejected_fairness_drops"": null, ""repair_attempts"": null, ""successful_swaps"": null, ""swap_attempts"": null, ""weak_group_repairs"": null}",20,300,16,10,diffusion=ic | community=leiden | embedding=none | clustering=none | clustering_input_mode=none | ranking=fairness_weighted_greedy | optimizer=local_search | debias_mode=none | search_estimator=fairness_aware_ris | final_estimator=monte_carlo | fair_ris=True,True,basic,False,0.4,0.5,4.0,1.0,4.0,0.8,4.0,0.2,True,True,balanced,fairness_weighted_greedy,,,"{""0"": 9, ""1"": 6, ""10"": 7, ""14"": 2, ""17"": 6, ""19"": 23, ""2"": 15, ""20"": 2, ""22"": 4, ""24"": 3, ""25"": 6, ""27"": 6, ""29"": 4, ""3"": 1, ""35"": 1, ""38"": 3, ""4"": 2, ""5"": 4, ""51"": 1, ""63"": 1, ""8"": 11, ""9"": 3}","{""0"": 9, ""1"": 6, ""10"": 7, ""14"": 2, ""17"": 6, ""19"": 23, ""2"": 15, ""20"": 2, ""22"": 4, ""24"": 3, ""25"": 6, ""27"": 6, ""29"": 4, ""3"": 1, ""35"": 1, ""38"": 3, ""4"": 2, ""5"": 4, ""51"": 1, ""63"": 1, ""8"": 11, ""9"": 3}",0.1864406779661017,"{""0"": 31, ""1"": 55, ""2"": 34}",118,0.655834799478443,C:\Users\User\Desktop\VKU-Internship-2026\results\clustering_kmeans_diagnostic_only\runs\seed_42\budget_120\color\twitter\color\twitter_community_aware_fair_greedy_combined_candidate_scores.csv,,,miss,miss,,,,,C:\Users\User\Desktop\VKU-Internship-2026\results\clustering_kmeans_diagnostic_only\runs\seed_42\budget_120\color\twitter\color\twitter_community_aware_fair_greedy_leiden_community_assignments.csv,C:\Users\User\Desktop\VKU-Internship-2026\results\clustering_kmeans_diagnostic_only\runs\seed_42\budget_120\color\twitter\color\twitter_community_aware_fair_greedy_leiden_community_sizes.csv,C:\Users\User\Desktop\VKU-Internship-2026\results\clustering_kmeans_diagnostic_only\runs\seed_42\budget_120\color\twitter\color\twitter_community_aware_fair_greedy_diagnostics.json,"{""adaptive_fairness_multiplier"": 2.0, ""all_candidate_score_components_constant"": false, ""budget"": 120, ""budget_adequacy_warning"": ""Budget may be too small for stable fairness on this graph. Reasons: protected-group imbalance ratio above warning threshold"", ""budget_per_group_estimate"": {""0"": 25.963229416466827, ""1"": 88.08952837729817, ""2"": 5.947242206235012}, ""constant_components"": {""cluster_coverage_bonus"": true, ""cluster_diversity_bonus"": true, ""combined_score"": false, ""community_diversity_bonus"": false, ""fair_ris_score"": false, ""fairness_bonus"": false, ""ml_score"": false, ""over_served_group_penalty"": true, ""parity_adjusted_score"": false, ""protected_group_coverage_bonus"": true, ""ris_score"": false, ""spread_proxy_score"": false, ""under_served_group_bonus"": true, ""weak_group_bonus"": false}, ""constant_score_components"": ""[\""cluster_coverage_bonus\"", \""cluster_diversity_bonus\"", \""protected_group_coverage_bonus\"", \""under_served_group_bonus\"", \""over_served_group_penalty\""]"", ""dataset"": ""twitter"", ""dcv_target_weight"": 3.0, ""diagnostics_path"": ""C:\\Users\\User\\Desktop\\VKU-Internship-2026\\results\\clustering_kmeans_diagnostic_only\\runs\\seed_42\\budget_120\\color\\twitter\\color\\twitter_community_aware_fair_greedy_diagnostics.json"", ""effective_ris_num_rr_sets"": 256, ""fair_ris_enabled"": true, ""force_ris_for_all_stacks"": true, ""imbalance_ratio"": 14.811827956989248, ""large_imbalance_fairness_active"": true, ""large_imbalance_fairness_mode"": ""auto"", ""largest_community_size"": 442, ""largest_group_size"": 2755, ""num_communities"": 118, ""num_edges"": 13986, ""num_nodes"": 3753, ""over_served_penalty_weight"": 2.0, ""parity_error_weight"": 2.0, ""parity_tolerance"": 0.005, ""protected_attribute"": ""color"", ""protected_group_counts"": {""0"": 812, ""1"": 2755, ""2"": 186}, ""require_ris"": true, ""ris_mode"": ""weak_group_weighted"", ""ris_num_rr_sets"": 128, ""ris_reuse_rr_sets"": true, ""score_component_stats_json"": ""{\""cluster_coverage_bonus\"": {\""constant\"": true, \""count\"": 3753, \""max\"": 0.0, \""mean\"": 0.0, \""min\"": 0.0, \""std\"": 0.0}, \""cluster_diversity_bonus\"": {\""constant\"": true, \""count\"": 3753, \""max\"": 0.0, \""mean\"": 0.0, \""min\"": 0.0, \""std\"": 0.0}, \""combined_score\"": {\""constant\"": false, \""count\"": 3753, \""max\"": 8.501236068990794, \""mean\"": 1.3601997322527535, \""min\"": 0.0, \""std\"": 1.6362961326332972}, \""community_diversity_bonus\"": {\""constant\"": false, \""count\"": 3753, \""max\"": 1.0, \""mean\"": 0.035973135367304246, \""min\"": 0.0, \""std\"": 0.07379084604023162}, \""fair_ris_score\"": {\""constant\"": false, \""count\"": 3753, \""max\"": 1.0, \""mean\"": 0.03685082670944603, \""min\"": 0.0, \""std\"": 0.1408174658369091}, \""fairness_bonus\"": {\""constant\"": false, \""count\"": 3753, \""max\"": 1.0, \""mean\"": 0.29030626812644966, \""min\"": 0.0, \""std\"": 0.3761251735502992}, \""ml_score\"": {\""constant\"": false, \""count\"": 3753, \""max\"": 1.0, \""mean\"": 0.021371630484043374, \""min\"": 0.0, \""std\"": 0.04264050666543153}, \""over_served_group_penalty\"": {\""constant\"": true, \""count\"": 3753, \""max\"": 0.0, \""mean\"": 0.0, \""min\"": 0.0, \""std\"": 0.0}, \""parity_adjusted_score\"": {\""constant\"": false, \""count\"": 3753, \""max\"": 8.501236068990794, \""mean\"": 1.3601997322527535, \""min\"": 0.0, \""std\"": 1.6362961326332972}, \""protected_group_coverage_bonus\"": {\""constant\"": true, \""count\"": 3753, \""max\"": 0.0, \""mean\"": 0.0, \""min\"": 0.0, \""std\"": 0.0}, \""ris_score\"": {\""constant\"": false, \""count\"": 3753, \""max\"": 1.0, \""mean\"": 0.037037037037037035, \""min\"": 0.0, \""std\"": 0.14075266052430918}, \""spread_proxy_score\"": {\""constant\"": false, \""count\"": 3753, \""max\"": 1.0, \""mean\"": 0.021371630484043374, \""min\"": 0.0, \""std\"": 0.04264050666543153}, \""under_served_group_bonus\"": {\""constant\"": true, \""count\"": 3753, \""max\"": 0.0, \""mean\"": 0.0, \""min\"": 0.0, \""std\"": 0.0}, \""weak_group_bonus\"": {\""constant\"": false, \""count\"": 3753, \""max\"": 1.0, \""mean\"": 0.29030626812644966, \""min\"": 0.0, \""std\"": 0.3761251735502992}}"", ""score_normalization"": ""per_group"", ""score_table_path"": ""C:\\Users\\User\\Desktop\\VKU-Internship-2026\\results\\clustering_kmeans_diagnostic_only\\runs\\seed_42\\budget_120\\color\\twitter\\color\\twitter_community_aware_fair_greedy_combined_candidate_scores.csv"", ""smallest_community_size"": 2, ""smallest_group_size"": 186, ""spread_estimator_final"": ""monte_carlo"", ""spread_estimator_search"": ""fairness_aware_ris"", ""stack_name"": ""community_aware_fair_greedy"", ""time_community_detection"": 0.07932350000010047, ""under_served_bonus_weight"": 1.5, ""use_dcv_first_swap_acceptance"": false, ""use_dcv_parity_repair"": false, ""use_dcv_targeting"": false, ""use_fair_ris"": true, ""use_over_served_group_penalty"": false, ""use_ris"": true}",False,"{""cluster_coverage_bonus"": {""constant"": true, ""count"": 3753, ""max"": 0.0, ""mean"": 0.0, ""min"": 0.0, ""std"": 0.0}, ""cluster_diversity_bonus"": {""constant"": true, ""count"": 3753, ""max"": 0.0, ""mean"": 0.0, ""min"": 0.0, ""std"": 0.0}, ""combined_score"": {""constant"": false, ""count"": 3753, ""max"": 8.501236068990794, ""mean"": 1.3601997322527535, ""min"": 0.0, ""std"": 1.6362961326332972}, ""community_diversity_bonus"": {""constant"": false, ""count"": 3753, ""max"": 1.0, ""mean"": 0.035973135367304246, ""min"": 0.0, ""std"": 0.07379084604023162}, ""fair_ris_score"": {""constant"": false, ""count"": 3753, ""max"": 1.0, ""mean"": 0.03685082670944603, ""min"": 0.0, ""std"": 0.1408174658369091}, ""fairness_bonus"": {""constant"": false, ""count"": 3753, ""max"": 1.0, ""mean"": 0.29030626812644966, ""min"": 0.0, ""std"": 0.3761251735502992}, ""ml_score"": {""constant"": false, ""count"": 3753, ""max"": 1.0, ""mean"": 0.021371630484043374, ""min"": 0.0, ""std"": 0.04264050666543153}, ""over_served_group_penalty"": {""constant"": true, ""count"": 3753, ""max"": 0.0, ""mean"": 0.0, ""min"": 0.0, ""std"": 0.0}, ""parity_adjusted_score"": {""constant"": false, ""count"": 3753, ""max"": 8.501236068990794, ""mean"": 1.3601997322527535, ""min"": 0.0, ""std"": 1.6362961326332972}, ""protected_group_coverage_bonus"": {""constant"": true, ""count"": 3753, ""max"": 0.0, ""mean"": 0.0, ""min"": 0.0, ""std"": 0.0}, ""ris_score"": {""constant"": false, ""count"": 3753, ""max"": 1.0, ""mean"": 0.037037037037037035, ""min"": 0.0, ""std"": 0.14075266052430918}, ""spread_proxy_score"": {""constant"": false, ""count"": 3753, ""max"": 1.0, ""mean"": 0.021371630484043374, ""min"": 0.0, ""std"": 0.04264050666543153}, ""under_served_group_bonus"": {""constant"": true, ""count"": 3753, ""max"": 0.0, ""mean"": 0.0, ""min"": 0.0, ""std"": 0.0}, ""weak_group_bonus"": {""constant"": false, ""count"": 3753, ""max"": 1.0, ""mean"": 0.29030626812644966, ""min"": 0.0, ""std"": 0.3761251735502992}}","[""cluster_coverage_bonus"", ""cluster_diversity_bonus"", ""protected_group_coverage_bonus"", ""under_served_group_bonus"", ""over_served_group_penalty""]","fair_ris_explicit=true; initial_rr=[10125822, 10214802, 1086591, 11347052, 11350892, 11425612, 11626822, 11920922, 12062282, 12429382, 1290661, 13258742, 1330691, 14053148, 14110743, 14161205, 14161889, 14181937, 14237896, 14239038, 14326743, 14380723, 14680965, 14830184, 14857310, 14930659, 15157283, 15258293, 15469032, 15480002, 15557309, 15621083, 15664977, 15751768, 15878694, 15911231, 16004411, 16333340, 16335288, 16359962, 16394309, 16431844, 16460562, 16499557, 16541717, 16573966, 16784574, 16933135, 16971414, 16980497, 17022135, 17107079, 17240635, 17398289, 17431643, 17540746, 17850012, 17864134, 17877831, 18049260, 18280014, 18301693, 18366220, 18446235, 18602421, 19041498, 19187629, 19285776, 19394410, 19396079, 19686924, 19849576, 20199133, 20788139, 21044126, 21062689, 2140491, 21406735, 21625645, 21661811, 22210679, 22461427, 22545389, 22816200, 23662170, 23799941, 2384071, 24535621, 24599593, 24731038, 25596413, 25681991, 27512951, 27568464, 27684535, 27755928, 28426100, 29103015, 29863027, 29893170, 30157434, 30507566, 31285824, 31351910, 34133492, 35967493, 36057656, 36874153, 36963624, 38640812, 42254940, 43286759, 5054721, 5522622, 575263, 5988422, 7376382, 7725712, 780591, 8820652]; greedy=[10104672, 10138132, 1058591, 10651272, 10732492, 10821392, 11069572, 11120172, 11288162, 11620042, 11763862, 12081592, 12222522, 12327342, 12740012, 13008262, 13118432, 13225072, 13253832, 13253992, 13285072, 13651452, 13767032, 13936882, 14050355, 14061925, 14070830, 14099733, 14102919, 14110743, 14111623, 14126174, 14152810, 14155739, 14204887, 14215410, 14220561, 14255702, 14268324, 14269768, 14294948, 14307465, 14333927, 14342597, 14350969, 14421893, 14444930, 14460783, 14475952, 14479538, 14505596, 14506615, 14516061, 14537873, 14555289, 14702781, 14719235, 14737298, 14749267, 147563, 14770241, 14799428, 14818703, 14828860, 14832751, 14837803, 14866770, 14923674, 14927129, 14932486, 14959367, 14984480, 15011971, 15013313, 15070780, 15093092, 15135342, 15162962, 15197493, 15220372, 15225972, 15303316, 15339370, 15447927, 15466457, 15495464, 15497454, 15501729, 15513388, 15585410, 15592537, 15741724, 15791504, 15792031, 15798850, 15808140, 15823113, 15838767, 15852053, 15865288, 15880652, 15888299, 15906181, 15917850, 15954487, 15957148, 15978412, 15997827, 16040695, 16045488, 16078680, 16145074, 16168407, 16186643, 16188243, 16227947, 16257494, 16269833, 16335288, 16366947]; objective=professor_priority; communities=118; modularity=0.655835; ris_greedy_approximation=true; ris_rr_sets=256; final_eval=monte_carlo; Search objective used Fair RIS; final metrics reported by Monte Carlo.",,,42
graphsage_community_siea,graphsage_community_siea,ml_guided_community_siea,graphsage_community_siea,ok,twitter,color,120,ic,professor_priority,leiden,graph,none,none,100.0,"{""0"": 63, ""1"": 43, ""2"": 52, ""3"": 36, ""4"": 50, ""5"": 179, ""6"": 109, ""7"": 59, ""8"": 16, ""9"": 49, ""10"": 22, ""11"": 47, ""12"": 25, ""13"": 269, ""14"": 36, ""15"": 163, ""16"": 20, ""17"": 31, ""18"": 30, ""19"": 65, ""20"": 14, ""21"": 72, ""22"": 74, ""23"": 43, ""24"": 36, ""25"": 72, ""26"": 52, ""27"": 14, ""28"": 208, ""29"": 26, ""30"": 13, ""31"": 123, ""32"": 69, ""33"": 16, ""34"": 12, ""35"": 137, ""36"": 40, ""37"": 57, ""38"": 25, ""39"": 33, ""40"": 21, ""41"": 66, ""42"": 8, ""43"": 19, ""44"": 41, ""45"": 35, ""46"": 97, ""47"": 60, ""48"": 8, ""49"": 67, ""50"": 60, ""51"": 45, ""52"": 25, ""53"": 48, ""54"": 40, ""55"": 11, ""56"": 17, ""57"": 26, ""58"": 19, ""59"": 10, ""60"": 35, ""61"": 14, ""62"": 18, ""63"": 17, ""64"": 48, ""65"": 20, ""66"": 23, ""67"": 4, ""68"": 20, ""69"": 24, ""70"": 13, ""71"": 15, ""72"": 4, ""73"": 8, ""74"": 14, ""75"": 34, ""76"": 18, ""77"": 6, ""78"": 13, ""79"": 24, ""80"": 14, ""81"": 24, ""82"": 16, ""83"": 11, ""84"": 10, ""85"": 14, ""86"": 4, ""87"": 6, ""88"": 11, ""89"": 9, ""90"": 2, ""91"": 11, ""92"": 3, ""93"": 1, ""94"": 8, ""95"": 5, ""96"": 1, ""97"": 1, ""98"": 5, ""99"": 2}","{""5"": 6, ""10"": 3, ""2"": 3, ""31"": 4, ""42"": 1, ""36"": 3, ""66"": 4, ""56"": 1, ""49"": 3, ""11"": 2, ""59"": 1, ""74"": 1, ""75"": 5, ""24"": 1, ""26"": 3, ""6"": 2, ""81"": 4, ""44"": 2, ""40"": 8, ""25"": 5, ""46"": 5, ""53"": 3, ""39"": 1, ""69"": 2, ""50"": 1, ""35"": 1, ""83"": 1, ""29"": 1, ""41"": 3, ""71"": 4, ""7"": 1, ""32"": 3, ""89"": 1, ""13"": 3, ""93"": 1, ""33"": 1, ""43"": 2, ""15"": 3, ""57"": 1, ""54"": 2, ""9"": 1, ""3"": 1, ""88"": 2, ""47"": 1, ""48"": 1, ""28"": 2, ""58"": 1, ""34"": 3, ""70"": 1, ""30"": 1, ""60"": 1, ""17"": 1, ""52"": 1, ""0"": 1}",54.0,0.54,0.025,1.0,269.0,0.3,True,False,False,False,graphsage,graphsage,hybrid_si_ea,ml_guided_hybrid_siea,GraphSAGE,GraphSAGE + Fair RIS scoring,Leiden,K-Means,Independent Cascade,Fair Reverse Influence Sampling / Fair RIS,weak_group_weighted,F-score fairness / influence objective,Swarm Intelligence + Evolutionary Algorithm,Fairness-first repair,Swap Local Search,Monte Carlo simulation,Professor-priority ranking,True,True,none,f_score,fairness_aware_ris,monte_carlo,fairness_aware_ris,monte_carlo,ris_guidance,fair_ris_guidance,monte_carlo,embedding+ranking+hybrid_si_ea,ml_guided,"[10104672, 10138132, 10284152, 10651272, 11120172, 11763862, 12327342, 13253992, 13501922, 13654112, 13923382, 14062948, 14111623, 14245571, 14268324, 14269768, 14305154, 1431301, 14315043, 14350969, 14420451, 14479592, 14527485, 14767753, 14818703, 14825622, 14852216, 14858006, 15011971, 15070780, 15093092, 15145142, 15197493, 15357283, 15422070, 15439239, 15572221, 15798850, 16045488, 16054649, 16227947, 16380856, 16395784, 16548023, 16561591, 16575742, 16585828, 16796298, 16855827, 16945563, 17416766, 17537187, 17850012, 18033114, 18102660, 18166634, 18211716, 18229692, 18398842, 18405034, 18584267, 18660521, 18726713, 18882655, 19215129, 19298258, 19394410, 19461979, 19543485, 19686924, 19745574, 19753032, 19860841, 20661527, 20734423, 20745227, 20851551, 21248230, 21488707, 21491565, 22026974, 22217321, 22299209, 22303562, 22606755, 22975077, 23015762, 23134293, 23769455, 24920619, 24987071, 25681991, 25988864, 26061739, 26478351, 28136273, 28682208, 29103015, 29308780, 29620256, 30063657, 30473755, 32294244, 3675691, 37750797, 38843284, 39001941, 39080527, 40732805, 5699042, 5771302, 6750102, 6811802, 7594962, 799192, 8053532, 8414602, 8521542, 9146202, 9244632]",129.29,9.289999999999992,0.02310223835450696,0.10979786901677206,-0.04334781533113255,0.02310223835450696,0.10979786901677206,-0.04334781533113255,250.0255176999999,249.73343569999997,0.29208199999993667,0.011011600000529143,1.3247728000005736,0.3152758999995058,13.184622499999932,0.04172149999976682,0.04172149999976682,0.6414865000197096,0.0,0.29208199999993667,0.6414865000197096,4.444029899999805,225.86311119999937,,,0.29208199999993667,0.452139,"{""candidate_scoring"": 4.444029899999805, ""community_detection"": 0.3152758999995058, ""dataset_loading"": 0.011011600000529143, ""embedding_generation"": 13.184622499999932, ""final_mc_evaluation"": 0.29208199999993667, ""mc_search_evaluation"": 0.0, ""preprocessing"": 1.3247728000005736, ""repair"": null, ""reporting"": null, ""ris_rr-set_generation"": 0.04172149999976682, ""ris_search_evaluation"": 0.6414865000197096, ""rr-set_generation"": 0.04172149999976682, ""search_objective_total"": 0.6414865000197096, ""siea_optimization"": 225.86311119999937, ""swap_local_search"": null, ""total_runtime"": 250.0255176999999}",auto,True,500,True,True,True,weak_group_weighted,128,256,True,258,0.14075266052430918,258,0.1408174658369091,True,True,True,True,,False,C:\Users\User\Desktop\VKU-Internship-2026\results\clustering_kmeans_diagnostic_only\runs\seed_42\budget_120\color\twitter\color\twitter_graphsage_community_siea_ris_weak_group_weighted_rr256_cache.pkl,0.04172149999976682,256,256,0,0,4224,1,0.054202282420381324,-0.04334781533113255,950.507326719834,129.29,False,0,,,,,True,True,0,1.0,0,fail,min_f_score,"{""0"": 33, ""1"": 58, ""2"": 29}","{'0': 812, '1': 2755, '2': 186}",120,120,0,"{""0"": 33, ""1"": 58, ""2"": 29}","{""0"": 15, ""1"": 9, ""10"": 14, ""110"": 1, ""13"": 1, ""14"": 1, ""17"": 2, ""18"": 2, ""19"": 18, ""2"": 8, ""20"": 2, ""22"": 5, ""24"": 4, ""25"": 1, ""27"": 5, ""29"": 5, ""3"": 1, ""35"": 4, ""38"": 1, ""4"": 6, ""5"": 2, ""63"": 1, ""7"": 1, ""78"": 1, ""8"": 2, ""9"": 7, ""93"": 1}",27,0.15,29,58,14.811827956989248,"{'0': 25.963229416466827, '1': 88.08952837729817, '2': 5.947242206235012}","{'0': 35.26, '1': 63.64666666666667, '2': 30.383333333333333}","{'0': 0.04342364532019704, '1': 0.02310223835450696, '2': 0.16335125448028673}",0.07662571271833024,0.17345108352391297,0.011488459181389885,['2'],"['0', '1']","{""0"": 35.26, ""1"": 63.64666666666667, ""2"": 30.383333333333333}","{""0"": 0.04342364532019704, ""1"": 0.02310223835450696, ""2"": 0.16335125448028673}",1,2,1,2,DCV exceeds MF after lambda weighting; weakest protected group has low normalized influence.,2.0,True,auto,,,,,per_group,"{'0': 120, '1': 260, '2': 120}",120.0,"{'0': 0, '1': 0, '2': 0}",True,Budget may be too small for stable fairness on this graph. Reasons: protected-group imbalance ratio above warning threshold,"{'0': 36, '1': 67, '2': 17}","{'0': 16, '1': 16, '2': 16}",0.0,0.0,0.0,"{'0': 36, '1': 56, '2': 28}","{'0': 36, '1': 56, '2': 28}",160.0,81.0,79.0,79.0,81.0,0.0,0.0,0.0,0.0,,,0,0,[],,,,,,0.0,0.0,0.0,0.0,0.0,0.0,0.0,0.0,,4.0,1.7466753082920725,"{""accepted_dcv_improvement_swaps"": 0, ""accepted_fscore_swaps"": 81, ""accepted_mf_dcv_moves"": 0, ""accepted_spread_safe_swaps"": 0, ""best_generation"": 4, ""candidate_pool_size"": 500, ""crossover_rate"": null, ""dcv_after_parity_repair_estimated"": null, ""dcv_before_parity_repair"": null, ""diversity_score"": null, ""duplicate_repairs"": 0, ""final_fitness"": 1.7466753082920725, ""generations"": 10, ""initial_population_size"": 16, ""local_search_attempts"": 0, ""local_search_enabled"": null, ""local_search_improvements"": 0, ""local_search_intensity"": """", ""local_search_top_elites"": null, ""mutation_rate"": null, ""optimizer_mode"": ""hybrid_si_ea"", ""parity_repair_attempts"": 0, ""parity_repair_successes"": 0, ""rejected_dcv_worsening_swaps"": 0, ""rejected_fairness_drops"": 79, ""repair_attempts"": 0, ""successful_swaps"": 160, ""swap_attempts"": 160, ""weak_group_repairs"": 0}",20,300,16,10,diffusion=ic | community=leiden | embedding=graphsage | clustering=none | clustering_input_mode=none | ranking=graphsage | optimizer=hybrid_si_ea | debias_mode=none | search_estimator=fairness_aware_ris | final_estimator=monte_carlo | fair_ris=True,True,basic,False,0.4,0.5,4.0,1.0,4.0,0.8,4.0,0.2,True,True,balanced,combined_candidate_score,534.0,160.0,"{""0"": 15, ""1"": 9, ""10"": 14, ""110"": 1, ""13"": 1, ""14"": 1, ""17"": 2, ""18"": 2, ""19"": 18, ""2"": 8, ""20"": 2, ""22"": 5, ""24"": 4, ""25"": 1, ""27"": 5, ""29"": 5, ""3"": 1, ""35"": 4, ""38"": 1, ""4"": 6, ""5"": 2, ""63"": 1, ""7"": 1, ""78"": 1, ""8"": 2, ""9"": 7, ""93"": 1}","{""0"": 15, ""1"": 9, ""10"": 14, ""110"": 1, ""13"": 1, ""14"": 1, ""17"": 2, ""18"": 2, ""19"": 18, ""2"": 8, ""20"": 2, ""22"": 5, ""24"": 4, ""25"": 1, ""27"": 5, ""29"": 5, ""3"": 1, ""35"": 4, ""38"": 1, ""4"": 6, ""5"": 2, ""63"": 1, ""7"": 1, ""78"": 1, ""8"": 2, ""9"": 7, ""93"": 1}",0.2288135593220339,"{""0"": 33, ""1"": 58, ""2"": 29}",118,0.655834799478443,C:\Users\User\Desktop\VKU-Internship-2026\results\clustering_kmeans_diagnostic_only\runs\seed_42\budget_120\color\twitter\color\twitter_graphsage_community_siea_combined_candidate_scores.csv,C:\Users\User\Desktop\VKU-Internship-2026\results\clustering_kmeans_diagnostic_only\runs\seed_42\budget_120\color\twitter\embeddings\twitter_graphsage_embeddings.pkl,miss,miss,miss,miss,505.0,44664.0,0.0,C:\Users\User\Desktop\VKU-Internship-2026\results\clustering_kmeans_diagnostic_only\runs\seed_42\budget_120\color\twitter\color\twitter_graphsage_community_siea_leiden_community_assignments.csv,C:\Users\User\Desktop\VKU-Internship-2026\results\clustering_kmeans_diagnostic_only\runs\seed_42\budget_120\color\twitter\color\twitter_graphsage_community_siea_leiden_community_sizes.csv,C:\Users\User\Desktop\VKU-Internship-2026\results\clustering_kmeans_diagnostic_only\runs\seed_42\budget_120\color\twitter\color\twitter_graphsage_community_siea_diagnostics.json,"{""adaptive_fairness_multiplier"": 2.0, ""all_candidate_score_components_constant"": false, ""budget"": 120, ""budget_adequacy_warning"": ""Budget may be too small for stable fairness on this graph. Reasons: protected-group imbalance ratio above warning threshold"", ""budget_per_group_estimate"": {""0"": 25.963229416466827, ""1"": 88.08952837729817, ""2"": 5.947242206235012}, ""cluster_balance_enabled"": false, ""cluster_coverage_ratio"": 0.0, ""cluster_diversity_weight"": 0.3, ""cluster_repair_enabled"": false, ""cluster_sizes_json"": ""{\""0\"": 63, \""1\"": 43, \""2\"": 52, \""3\"": 36, \""4\"": 50, \""5\"": 179, \""6\"": 109, \""7\"": 59, \""8\"": 16, \""9\"": 49, \""10\"": 22, \""11\"": 47, \""12\"": 25, \""13\"": 269, \""14\"": 36, \""15\"": 163, \""16\"": 20, \""17\"": 31, \""18\"": 30, \""19\"": 65, \""20\"": 14, \""21\"": 72, \""22\"": 74, \""23\"": 43, \""24\"": 36, \""25\"": 72, \""26\"": 52, \""27\"": 14, \""28\"": 208, \""29\"": 26, \""30\"": 13, \""31\"": 123, \""32\"": 69, \""33\"": 16, \""34\"": 12, \""35\"": 137, \""36\"": 40, \""37\"": 57, \""38\"": 25, \""39\"": 33, \""40\"": 21, \""41\"": 66, \""42\"": 8, \""43\"": 19, \""44\"": 41, \""45\"": 35, \""46\"": 97, \""47\"": 60, \""48\"": 8, \""49\"": 67, \""50\"": 60, \""51\"": 45, \""52\"": 25, \""53\"": 48, \""54\"": 40, \""55\"": 11, \""56\"": 17, \""57\"": 26, \""58\"": 19, \""59\"": 10, \""60\"": 35, \""61\"": 14, \""62\"": 18, \""63\"": 17, \""64\"": 48, \""65\"": 20, \""66\"": 23, \""67\"": 4, \""68\"": 20, \""69\"": 24, \""70\"": 13, \""71\"": 15, \""72\"": 4, \""73\"": 8, \""74\"": 14, \""75\"": 34, \""76\"": 18, \""77\"": 6, \""78\"": 13, \""79\"": 24, \""80\"": 14, \""81\"": 24, \""82\"": 16, \""83\"": 11, \""84\"": 10, \""85\"": 14, \""86\"": 4, \""87\"": 6, \""88\"": 11, \""89\"": 9, \""90\"": 2, \""91\"": 11, \""92\"": 3, \""93\"": 1, \""94\"": 8, \""95\"": 5, \""96\"": 1, \""97\"": 1, \""98\"": 5, \""99\"": 2}"", ""clustering_skip_reason"": ""clustering_input_mode=embedding"", ""clusters_covered"": 0, ""constant_components"": {""cluster_coverage_bonus"": true, ""cluster_diversity_bonus"": true, ""combined_score"": false, ""community_diversity_bonus"": false, ""fair_ris_score"": false, ""fairness_bonus"": false, ""ml_score"": false, ""over_served_group_penalty"": true, ""parity_adjusted_score"": false, ""protected_group_coverage_bonus"": true, ""ris_score"": false, ""spread_proxy_score"": false, ""under_served_group_bonus"": true, ""weak_group_bonus"": false}, ""constant_score_components"": ""[\""cluster_coverage_bonus\"", \""cluster_diversity_bonus\"", \""protected_group_coverage_bonus\"", \""under_served_group_bonus\"", \""over_served_group_penalty\""]"", ""dataset"": ""twitter"", ""dcv_target_weight"": 3.0, ""diagnostics_path"": ""C:\\Users\\User\\Desktop\\VKU-Internship-2026\\results\\clustering_kmeans_diagnostic_only\\runs\\seed_42\\budget_120\\color\\twitter\\color\\twitter_graphsage_community_siea_diagnostics.json"", ""effective_ris_num_rr_sets"": 256, ""fair_ris_enabled"": true, ""force_ris_for_all_stacks"": true, ""imbalance_ratio"": 14.811827956989248, ""large_imbalance_fairness_active"": true, ""large_imbalance_fairness_mode"": ""auto"", ""largest_cluster_seed_fraction"": 0.0, ""largest_cluster_size"": 269, ""largest_community_size"": 442, ""largest_group_size"": 2755, ""num_clusters"": 100, ""num_communities"": 118, ""num_edges"": 13986, ""num_nodes"": 3753, ""over_served_penalty_weight"": 2.0, ""parity_error_weight"": 2.0, ""parity_tolerance"": 0.005, ""protected_attribute"": ""color"", ""protected_group_counts"": {""0"": 812, ""1"": 2755, ""2"": 186}, ""require_ris"": true, ""ris_mode"": ""weak_group_weighted"", ""ris_num_rr_sets"": 128, ""ris_reuse_rr_sets"": true, ""score_component_stats_json"": ""{\""cluster_coverage_bonus\"": {\""constant\"": true, \""count\"": 3753, \""max\"": 0.0, \""mean\"": 0.0, \""min\"": 0.0, \""std\"": 0.0}, \""cluster_diversity_bonus\"": {\""constant\"": true, \""count\"": 3753, \""max\"": 0.0, \""mean\"": 0.0, \""min\"": 0.0, \""std\"": 0.0}, \""combined_score\"": {\""constant\"": false, \""count\"": 3753, \""max\"": 8.68916384535057, \""mean\"": 1.5586961372740304, \""min\"": 0.036195602830225736, \""std\"": 1.6381271314810268}, \""community_diversity_bonus\"": {\""constant\"": false, \""count\"": 3753, \""max\"": 1.0, \""mean\"": 0.035973135367304246, \""min\"": 0.0, \""std\"": 0.07379084604023162}, \""fair_ris_score\"": {\""constant\"": false, \""count\"": 3753, \""max\"": 1.0, \""mean\"": 0.03685082670944603, \""min\"": 0.0, \""std\"": 0.1408174658369091}, \""fairness_bonus\"": {\""constant\"": false, \""count\"": 3753, \""max\"": 1.0, \""mean\"": 0.29030626812644966, \""min\"": 0.0, \""std\"": 0.3761251735502992}, \""ml_score\"": {\""constant\"": false, \""count\"": 3753, \""max\"": 1.0, \""mean\"": 0.49624101255319264, \""min\"": 0.0, \""std\"": 0.10634491696123036}, \""over_served_group_penalty\"": {\""constant\"": true, \""count\"": 3753, \""max\"": 0.0, \""mean\"": 0.0, \""min\"": 0.0, \""std\"": 0.0}, \""parity_adjusted_score\"": {\""constant\"": false, \""count\"": 3753, \""max\"": 8.68916384535057, \""mean\"": 1.5586961372740304, \""min\"": 0.036195602830225736, \""std\"": 1.6381271314810268}, \""protected_group_coverage_bonus\"": {\""constant\"": true, \""count\"": 3753, \""max\"": 0.0, \""mean\"": 0.0, \""min\"": 0.0, \""std\"": 0.0}, \""ris_score\"": {\""constant\"": false, \""count\"": 3753, \""max\"": 1.0, \""mean\"": 0.037037037037037035, \""min\"": 0.0, \""std\"": 0.14075266052430918}, \""spread_proxy_score\"": {\""constant\"": false, \""count\"": 3753, \""max\"": 1.0, \""mean\"": 0.021371630484043374, \""min\"": 0.0, \""std\"": 0.04264050666543153}, \""under_served_group_bonus\"": {\""constant\"": true, \""count\"": 3753, \""max\"": 0.0, \""mean\"": 0.0, \""min\"": 0.0, \""std\"": 0.0}, \""weak_group_bonus\"": {\""constant\"": false, \""count\"": 3753, \""max\"": 1.0, \""mean\"": 0.29030626812644966, \""min\"": 0.0, \""std\"": 0.3761251735502992}}"", ""score_normalization"": ""per_group"", ""score_table_path"": ""C:\\Users\\User\\Desktop\\VKU-Internship-2026\\results\\clustering_kmeans_diagnostic_only\\runs\\seed_42\\budget_120\\color\\twitter\\color\\twitter_graphsage_community_siea_combined_candidate_scores.csv"", ""seed_cluster_counts_json"": ""{}"", ""smallest_cluster_size"": 1, ""smallest_community_size"": 2, ""smallest_group_size"": 186, ""spread_estimator_final"": ""monte_carlo"", ""spread_estimator_search"": ""fairness_aware_ris"", ""stack_name"": ""graphsage_community_siea"", ""time_community_detection"": 0.06817920000048616, ""under_served_bonus_weight"": 1.5, ""use_cluster_diversity_bonus"": false, ""use_clustering_features"": true, ""use_dcv_first_swap_acceptance"": false, ""use_dcv_parity_repair"": false, ""use_dcv_targeting"": false, ""use_fair_ris"": true, ""use_over_served_group_penalty"": false, ""use_ris"": true}",False,"{""cluster_coverage_bonus"": {""constant"": true, ""count"": 3753, ""max"": 0.0, ""mean"": 0.0, ""min"": 0.0, ""std"": 0.0}, ""cluster_diversity_bonus"": {""constant"": true, ""count"": 3753, ""max"": 0.0, ""mean"": 0.0, ""min"": 0.0, ""std"": 0.0}, ""combined_score"": {""constant"": false, ""count"": 3753, ""max"": 8.68916384535057, ""mean"": 1.5586961372740304, ""min"": 0.036195602830225736, ""std"": 1.6381271314810268}, ""community_diversity_bonus"": {""constant"": false, ""count"": 3753, ""max"": 1.0, ""mean"": 0.035973135367304246, ""min"": 0.0, ""std"": 0.07379084604023162}, ""fair_ris_score"": {""constant"": false, ""count"": 3753, ""max"": 1.0, ""mean"": 0.03685082670944603, ""min"": 0.0, ""std"": 0.1408174658369091}, ""fairness_bonus"": {""constant"": false, ""count"": 3753, ""max"": 1.0, ""mean"": 0.29030626812644966, ""min"": 0.0, ""std"": 0.3761251735502992}, ""ml_score"": {""constant"": false, ""count"": 3753, ""max"": 1.0, ""mean"": 0.49624101255319264, ""min"": 0.0, ""std"": 0.10634491696123036}, ""over_served_group_penalty"": {""constant"": true, ""count"": 3753, ""max"": 0.0, ""mean"": 0.0, ""min"": 0.0, ""std"": 0.0}, ""parity_adjusted_score"": {""constant"": false, ""count"": 3753, ""max"": 8.68916384535057, ""mean"": 1.5586961372740304, ""min"": 0.036195602830225736, ""std"": 1.6381271314810268}, ""protected_group_coverage_bonus"": {""constant"": true, ""count"": 3753, ""max"": 0.0, ""mean"": 0.0, ""min"": 0.0, ""std"": 0.0}, ""ris_score"": {""constant"": false, ""count"": 3753, ""max"": 1.0, ""mean"": 0.037037037037037035, ""min"": 0.0, ""std"": 0.14075266052430918}, ""spread_proxy_score"": {""constant"": false, ""count"": 3753, ""max"": 1.0, ""mean"": 0.021371630484043374, ""min"": 0.0, ""std"": 0.04264050666543153}, ""under_served_group_bonus"": {""constant"": true, ""count"": 3753, ""max"": 0.0, ""mean"": 0.0, ""min"": 0.0, ""std"": 0.0}, ""weak_group_bonus"": {""constant"": false, ""count"": 3753, ""max"": 1.0, ""mean"": 0.29030626812644966, ""min"": 0.0, ""std"": 0.3761251735502992}}","[""cluster_coverage_bonus"", ""cluster_diversity_bonus"", ""protected_group_coverage_bonus"", ""under_served_group_bonus"", ""over_served_group_penalty""]",main_method=true; ml_guided_only=true; fair_ris_explicit=true; communities=118; modularity=0.655835; embedding_cache=miss; target=label_score; backend=gnn; candidate_pool=500; validation_spearman=-0.0351; validation_precision_at_budget=0.1083; clusters=100; clustering_input_mode=embedding; Search objective used Fair RIS; final metrics reported by Monte Carlo.; history=twitter_graphsage_community_siea_history.csv,,,42
node2vec_xgboost_community_siea,node2vec_xgboost_community_siea,ml_guided_community_siea,node2vec_xgboost_community_siea,ok,twitter,color,120,ic,professor_priority,leiden,graph,none,none,100.0,"{""0"": 156, ""1"": 2145, ""2"": 155, ""3"": 17, ""4"": 2, ""5"": 44, ""6"": 40, ""7"": 136, ""8"": 3, ""9"": 17, ""10"": 211, ""11"": 5, ""12"": 30, ""13"": 2, ""14"": 14, ""15"": 72, ""16"": 4, ""17"": 59, ""18"": 18, ""19"": 51, ""20"": 30, ""21"": 1, ""22"": 96, ""23"": 5, ""24"": 3, ""25"": 11, ""26"": 15, ""27"": 3, ""28"": 23, ""29"": 42, ""30"": 23, ""31"": 42, ""32"": 19, ""33"": 1, ""34"": 29, ""35"": 1, ""36"": 23, ""37"": 5, ""38"": 1, ""39"": 2, ""40"": 10, ""41"": 2, ""42"": 10, ""43"": 1, ""44"": 4, ""45"": 3, ""46"": 1, ""47"": 1, ""48"": 4, ""49"": 1, ""50"": 34, ""51"": 1, ""52"": 3, ""53"": 1, ""54"": 1, ""55"": 3, ""56"": 3, ""57"": 1, ""58"": 1, ""59"": 3, ""60"": 3, ""61"": 4, ""62"": 1, ""63"": 4, ""64"": 1, ""65"": 1, ""66"": 3, ""67"": 4, ""68"": 4, ""69"": 3, ""70"": 9, ""71"": 13, ""72"": 1, ""73"": 1, ""74"": 1, ""75"": 1, ""76"": 1, ""77"": 3, ""78"": 8, ""79"": 6, ""80"": 1, ""81"": 3, ""82"": 5, ""83"": 1, ""84"": 1, ""85"": 8, ""86"": 1, ""87"": 1, ""88"": 2, ""89"": 1, ""90"": 3, ""91"": 1, ""92"": 2, ""93"": 1, ""94"": 1, ""95"": 1, ""96"": 1, ""97"": 1, ""98"": 1, ""99"": 1}","{""1"": 72, ""6"": 6, ""22"": 9, ""2"": 5, ""33"": 1, ""10"": 4, ""15"": 6, ""44"": 1, ""34"": 1, ""28"": 1, ""63"": 1, ""65"": 1, ""0"": 6, ""17"": 1, ""74"": 1, ""42"": 1, ""25"": 1, ""20"": 1, ""19"": 1}",19.0,0.19,0.6,1.0,2145.0,0.3,True,False,False,False,node2vec,xgboost,hybrid_si_ea,ml_guided_hybrid_siea,Node2Vec,XGBoost node scorer,Leiden,K-Means,Independent Cascade,Fair Reverse Influence Sampling / Fair RIS,weak_group_weighted,F-score fairness / influence objective,Swarm Intelligence + Evolutionary Algorithm,Fairness-first repair,Swap Local Search,Monte Carlo simulation,Professor-priority ranking,True,True,none,f_score,fairness_aware_ris,monte_carlo,fairness_aware_ris,monte_carlo,ris_guidance,fair_ris_guidance,monte_carlo,embedding+ranking+hybrid_si_ea,ml_guided,"[10104672, 10138132, 10284152, 10651272, 11620042, 11763862, 12327342, 13253992, 13501922, 13654112, 14062948, 14069593, 14102919, 14110743, 14245571, 14268324, 1431301, 14315043, 14350969, 14420451, 14460783, 14506615, 14514220, 14527485, 14767753, 14852216, 14858006, 14959367, 15070780, 15093092, 15145142, 15197493, 15225972, 15303316, 15357283, 15422070, 15572221, 15592537, 15798850, 15865288, 16040695, 16045488, 16054649, 16078680, 16158546, 16186643, 16188243, 16380856, 16548023, 16561591, 16575742, 16855827, 16945142, 17112843, 17357985, 17416766, 17537187, 17850012, 18014005, 18033114, 18102660, 18166634, 18211716, 18229692, 182563, 18398842, 18405034, 18584267, 18660521, 18726713, 18882655, 19160730, 19202226, 19215129, 19394410, 19479061, 19543485, 19686924, 19745574, 19860841, 20183009, 20352155, 20661527, 20708884, 20734423, 20851551, 21248230, 21463619, 21501777, 21781613, 22026974, 22299209, 22975077, 23769455, 24008715, 24241212, 24920619, 24987071, 25681991, 26061739, 26478351, 28644355, 28840182, 29103015, 30063657, 37750797, 38843284, 40732805, 42149443, 5699042, 5771302, 6750102, 6811802, 689753, 7594962, 799192, 8053532, 8414602, 8521542, 901731]",129.22666666666666,9.22666666666666,0.023868118572292797,0.10227408601127679,-0.03920298371949199,0.023868118572292797,0.10227408601127679,-0.03920298371949199,245.64875440000105,245.36187300000074,0.28688140000031126,0.011011600000529143,1.20505570000023,0.3312748999996984,22.937980800000332,0.04321609999988141,0.04321609999988141,0.45591720001266367,0.0,0.28688140000031126,0.45591720001266367,4.731592800000726,212.74981779999962,,,0.28688140000031126,0.452139,"{""candidate_scoring"": 4.731592800000726, ""community_detection"": 0.3312748999996984, ""dataset_loading"": 0.011011600000529143, ""embedding_generation"": 22.937980800000332, ""final_mc_evaluation"": 0.28688140000031126, ""mc_search_evaluation"": 0.0, ""preprocessing"": 1.20505570000023, ""repair"": null, ""reporting"": null, ""ris_rr-set_generation"": 0.04321609999988141, ""ris_search_evaluation"": 0.45591720001266367, ""rr-set_generation"": 0.04321609999988141, ""search_objective_total"": 0.45591720001266367, ""siea_optimization"": 212.74981779999962, ""swap_local_search"": null, ""total_runtime"": 245.64875440000105}",auto,True,500,True,True,True,weak_group_weighted,128,256,True,258,0.14075266052430918,258,0.1408174658369091,True,True,True,True,,False,C:\Users\User\Desktop\VKU-Internship-2026\results\clustering_kmeans_diagnostic_only\runs\seed_42\budget_120\color\twitter\color\twitter_node2vec_xgboost_community_siea_ris_weak_group_weighted_rr256_cache.pkl,0.04321609999988141,256,256,0,0,4226,1,0.02430207099948644,-0.03920298371949199,851.1001102249887,129.22666666666666,False,0,,,,,True,True,0,1.0,0,fail,min_f_score,"{""0"": 32, ""1"": 60, ""2"": 28}","{'0': 812, '1': 2755, '2': 186}",120,120,0,"{""0"": 32, ""1"": 60, ""2"": 28}","{""0"": 13, ""1"": 11, ""10"": 14, ""110"": 1, ""13"": 2, ""14"": 2, ""16"": 1, ""17"": 2, ""18"": 2, ""19"": 18, ""2"": 6, ""20"": 2, ""22"": 4, ""24"": 4, ""25"": 2, ""27"": 7, ""29"": 8, ""3"": 3, ""35"": 2, ""38"": 1, ""4"": 2, ""5"": 1, ""51"": 1, ""78"": 1, ""8"": 2, ""9"": 7, ""93"": 1}",27,0.15,28,60,14.811827956989248,"{'0': 25.963229416466827, '1': 88.08952837729817, '2': 5.947242206235012}","{'0': 34.086666666666666, '1': 65.75666666666666, '2': 29.383333333333333}","{'0': 0.04197865353037767, '1': 0.023868118572292797, '2': 0.15797491039426523}",0.07460722749897856,0.16673536579057333,0.010589251565227616,['2'],"['0', '1']","{""0"": 34.086666666666666, ""1"": 65.75666666666666, ""2"": 29.383333333333333}","{""0"": 0.04197865353037767, ""1"": 0.023868118572292797, ""2"": 0.15797491039426523}",1,2,1,2,DCV exceeds MF after lambda weighting; weakest protected group has low normalized influence.,2.0,True,auto,,,,,per_group,"{'0': 120, '1': 260, '2': 120}",120.0,"{'0': 0, '1': 0, '2': 0}",True,Budget may be too small for stable fairness on this graph. Reasons: protected-group imbalance ratio above warning threshold,"{'0': 36, '1': 67, '2': 17}","{'0': 16, '1': 16, '2': 16}",0.0,0.0,0.0,"{'0': 31, '1': 60, '2': 29}","{'0': 31, '1': 60, '2': 29}",160.0,82.0,78.0,78.0,82.0,0.0,0.0,0.0,0.0,,,0,0,[],,,,,,0.0,0.0,0.0,0.0,0.0,0.0,0.0,0.0,,7.0,1.4230783805078042,"{""accepted_dcv_improvement_swaps"": 0, ""accepted_fscore_swaps"": 82, ""accepted_mf_dcv_moves"": 0, ""accepted_spread_safe_swaps"": 0, ""best_generation"": 7, ""candidate_pool_size"": 500, ""crossover_rate"": null, ""dcv_after_parity_repair_estimated"": null, ""dcv_before_parity_repair"": null, ""diversity_score"": null, ""duplicate_repairs"": 0, ""final_fitness"": 1.4230783805078042, ""generations"": 10, ""initial_population_size"": 16, ""local_search_attempts"": 0, ""local_search_enabled"": null, ""local_search_improvements"": 0, ""local_search_intensity"": """", ""local_search_top_elites"": null, ""mutation_rate"": null, ""optimizer_mode"": ""hybrid_si_ea"", ""parity_repair_attempts"": 0, ""parity_repair_successes"": 0, ""rejected_dcv_worsening_swaps"": 0, ""rejected_fairness_drops"": 78, ""repair_attempts"": 0, ""successful_swaps"": 160, ""swap_attempts"": 160, ""weak_group_repairs"": 0}",20,300,16,10,diffusion=ic | community=leiden | embedding=node2vec | clustering=none | clustering_input_mode=none | ranking=xgboost | optimizer=hybrid_si_ea | debias_mode=none | search_estimator=fairness_aware_ris | final_estimator=monte_carlo | fair_ris=True,True,basic,False,0.4,0.5,4.0,1.0,4.0,0.8,4.0,0.2,True,True,balanced,combined_candidate_score,530.0,160.0,"{""0"": 13, ""1"": 11, ""10"": 14, ""110"": 1, ""13"": 2, ""14"": 2, ""16"": 1, ""17"": 2, ""18"": 2, ""19"": 18, ""2"": 6, ""20"": 2, ""22"": 4, ""24"": 4, ""25"": 2, ""27"": 7, ""29"": 8, ""3"": 3, ""35"": 2, ""38"": 1, ""4"": 2, ""5"": 1, ""51"": 1, ""78"": 1, ""8"": 2, ""9"": 7, ""93"": 1}","{""0"": 13, ""1"": 11, ""10"": 14, ""110"": 1, ""13"": 2, ""14"": 2, ""16"": 1, ""17"": 2, ""18"": 2, ""19"": 18, ""2"": 6, ""20"": 2, ""22"": 4, ""24"": 4, ""25"": 2, ""27"": 7, ""29"": 8, ""3"": 3, ""35"": 2, ""38"": 1, ""4"": 2, ""5"": 1, ""51"": 1, ""78"": 1, ""8"": 2, ""9"": 7, ""93"": 1}",0.2288135593220339,"{""0"": 32, ""1"": 60, ""2"": 28}",118,0.655834799478443,C:\Users\User\Desktop\VKU-Internship-2026\results\clustering_kmeans_diagnostic_only\runs\seed_42\budget_120\color\twitter\color\twitter_node2vec_xgboost_community_siea_combined_candidate_scores.csv,C:\Users\User\Desktop\VKU-Internship-2026\results\clustering_kmeans_diagnostic_only\runs\seed_42\budget_120\color\twitter\embeddings\twitter_node2vec_embeddings.pkl,miss,miss,miss,miss,503.0,24820.0,0.0,C:\Users\User\Desktop\VKU-Internship-2026\results\clustering_kmeans_diagnostic_only\runs\seed_42\budget_120\color\twitter\color\twitter_node2vec_xgboost_community_siea_leiden_community_assignments.csv,C:\Users\User\Desktop\VKU-Internship-2026\results\clustering_kmeans_diagnostic_only\runs\seed_42\budget_120\color\twitter\color\twitter_node2vec_xgboost_community_siea_leiden_community_sizes.csv,C:\Users\User\Desktop\VKU-Internship-2026\results\clustering_kmeans_diagnostic_only\runs\seed_42\budget_120\color\twitter\color\twitter_node2vec_xgboost_community_siea_diagnostics.json,"{""adaptive_fairness_multiplier"": 2.0, ""all_candidate_score_components_constant"": false, ""budget"": 120, ""budget_adequacy_warning"": ""Budget may be too small for stable fairness on this graph. Reasons: protected-group imbalance ratio above warning threshold"", ""budget_per_group_estimate"": {""0"": 25.963229416466827, ""1"": 88.08952837729817, ""2"": 5.947242206235012}, ""cluster_balance_enabled"": false, ""cluster_coverage_ratio"": 0.0, ""cluster_diversity_weight"": 0.3, ""cluster_repair_enabled"": false, ""cluster_sizes_json"": ""{\""0\"": 156, \""1\"": 2145, \""2\"": 155, \""3\"": 17, \""4\"": 2, \""5\"": 44, \""6\"": 40, \""7\"": 136, \""8\"": 3, \""9\"": 17, \""10\"": 211, \""11\"": 5, \""12\"": 30, \""13\"": 2, \""14\"": 14, \""15\"": 72, \""16\"": 4, \""17\"": 59, \""18\"": 18, \""19\"": 51, \""20\"": 30, \""21\"": 1, \""22\"": 96, \""23\"": 5, \""24\"": 3, \""25\"": 11, \""26\"": 15, \""27\"": 3, \""28\"": 23, \""29\"": 42, \""30\"": 23, \""31\"": 42, \""32\"": 19, \""33\"": 1, \""34\"": 29, \""35\"": 1, \""36\"": 23, \""37\"": 5, \""38\"": 1, \""39\"": 2, \""40\"": 10, \""41\"": 2, \""42\"": 10, \""43\"": 1, \""44\"": 4, \""45\"": 3, \""46\"": 1, \""47\"": 1, \""48\"": 4, \""49\"": 1, \""50\"": 34, \""51\"": 1, \""52\"": 3, \""53\"": 1, \""54\"": 1, \""55\"": 3, \""56\"": 3, \""57\"": 1, \""58\"": 1, \""59\"": 3, \""60\"": 3, \""61\"": 4, \""62\"": 1, \""63\"": 4, \""64\"": 1, \""65\"": 1, \""66\"": 3, \""67\"": 4, \""68\"": 4, \""69\"": 3, \""70\"": 9, \""71\"": 13, \""72\"": 1, \""73\"": 1, \""74\"": 1, \""75\"": 1, \""76\"": 1, \""77\"": 3, \""78\"": 8, \""79\"": 6, \""80\"": 1, \""81\"": 3, \""82\"": 5, \""83\"": 1, \""84\"": 1, \""85\"": 8, \""86\"": 1, \""87\"": 1, \""88\"": 2, \""89\"": 1, \""90\"": 3, \""91\"": 1, \""92\"": 2, \""93\"": 1, \""94\"": 1, \""95\"": 1, \""96\"": 1, \""97\"": 1, \""98\"": 1, \""99\"": 1}"", ""clustering_skip_reason"": ""clustering_input_mode=embedding"", ""clusters_covered"": 0, ""constant_components"": {""cluster_coverage_bonus"": true, ""cluster_diversity_bonus"": true, ""combined_score"": false, ""community_diversity_bonus"": false, ""fair_ris_score"": false, ""fairness_bonus"": false, ""ml_score"": false, ""over_served_group_penalty"": true, ""parity_adjusted_score"": false, ""protected_group_coverage_bonus"": true, ""ris_score"": false, ""spread_proxy_score"": false, ""under_served_group_bonus"": true, ""weak_group_bonus"": false}, ""constant_score_components"": ""[\""cluster_coverage_bonus\"", \""cluster_diversity_bonus\"", \""protected_group_coverage_bonus\"", \""under_served_group_bonus\"", \""over_served_group_penalty\""]"", ""dataset"": ""twitter"", ""dcv_target_weight"": 3.0, ""diagnostics_path"": ""C:\\Users\\User\\Desktop\\VKU-Internship-2026\\results\\clustering_kmeans_diagnostic_only\\runs\\seed_42\\budget_120\\color\\twitter\\color\\twitter_node2vec_xgboost_community_siea_diagnostics.json"", ""effective_ris_num_rr_sets"": 256, ""fair_ris_enabled"": true, ""force_ris_for_all_stacks"": true, ""imbalance_ratio"": 14.811827956989248, ""large_imbalance_fairness_active"": true, ""large_imbalance_fairness_mode"": ""auto"", ""largest_cluster_seed_fraction"": 0.0, ""largest_cluster_size"": 2145, ""largest_community_size"": 442, ""largest_group_size"": 2755, ""num_clusters"": 100, ""num_communities"": 118, ""num_edges"": 13986, ""num_nodes"": 3753, ""over_served_penalty_weight"": 2.0, ""parity_error_weight"": 2.0, ""parity_tolerance"": 0.005, ""protected_attribute"": ""color"", ""protected_group_counts"": {""0"": 812, ""1"": 2755, ""2"": 186}, ""require_ris"": true, ""ris_mode"": ""weak_group_weighted"", ""ris_num_rr_sets"": 128, ""ris_reuse_rr_sets"": true, ""score_component_stats_json"": ""{\""cluster_coverage_bonus\"": {\""constant\"": true, \""count\"": 3753, \""max\"": 0.0, \""mean\"": 0.0, \""min\"": 0.0, \""std\"": 0.0}, \""cluster_diversity_bonus\"": {\""constant\"": true, \""count\"": 3753, \""max\"": 0.0, \""mean\"": 0.0, \""min\"": 0.0, \""std\"": 0.0}, \""combined_score\"": {\""constant\"": false, \""count\"": 3753, \""max\"": 8.900514038739631, \""mean\"": 1.364458045099412, \""min\"": 0.0, \""std\"": 1.644826584204464}, \""community_diversity_bonus\"": {\""constant\"": false, \""count\"": 3753, \""max\"": 1.0, \""mean\"": 0.035973135367304246, \""min\"": 0.0, \""std\"": 0.07379084604023162}, \""fair_ris_score\"": {\""constant\"": false, \""count\"": 3753, \""max\"": 1.0, \""mean\"": 0.03685082670944603, \""min\"": 0.0, \""std\"": 0.1408174658369091}, \""fairness_bonus\"": {\""constant\"": false, \""count\"": 3753, \""max\"": 1.0, \""mean\"": 0.29030626812644966, \""min\"": 0.0, \""std\"": 0.3761251735502992}, \""ml_score\"": {\""constant\"": false, \""count\"": 3753, \""max\"": 1.0, \""mean\"": 0.010645782116646832, \""min\"": 0.0, \""std\"": 0.0757386425094972}, \""over_served_group_penalty\"": {\""constant\"": true, \""count\"": 3753, \""max\"": 0.0, \""mean\"": 0.0, \""min\"": 0.0, \""std\"": 0.0}, \""parity_adjusted_score\"": {\""constant\"": false, \""count\"": 3753, \""max\"": 8.900514038739631, \""mean\"": 1.364458045099412, \""min\"": 0.0, \""std\"": 1.644826584204464}, \""protected_group_coverage_bonus\"": {\""constant\"": true, \""count\"": 3753, \""max\"": 0.0, \""mean\"": 0.0, \""min\"": 0.0, \""std\"": 0.0}, \""ris_score\"": {\""constant\"": false, \""count\"": 3753, \""max\"": 1.0, \""mean\"": 0.037037037037037035, \""min\"": 0.0, \""std\"": 0.14075266052430918}, \""spread_proxy_score\"": {\""constant\"": false, \""count\"": 3753, \""max\"": 1.0, \""mean\"": 0.021371630484043374, \""min\"": 0.0, \""std\"": 0.04264050666543153}, \""under_served_group_bonus\"": {\""constant\"": true, \""count\"": 3753, \""max\"": 0.0, \""mean\"": 0.0, \""min\"": 0.0, \""std\"": 0.0}, \""weak_group_bonus\"": {\""constant\"": false, \""count\"": 3753, \""max\"": 1.0, \""mean\"": 0.29030626812644966, \""min\"": 0.0, \""std\"": 0.3761251735502992}}"", ""score_normalization"": ""per_group"", ""score_table_path"": ""C:\\Users\\User\\Desktop\\VKU-Internship-2026\\results\\clustering_kmeans_diagnostic_only\\runs\\seed_42\\budget_120\\color\\twitter\\color\\twitter_node2vec_xgboost_community_siea_combined_candidate_scores.csv"", ""seed_cluster_counts_json"": ""{}"", ""smallest_cluster_size"": 1, ""smallest_community_size"": 2, ""smallest_group_size"": 186, ""spread_estimator_final"": ""monte_carlo"", ""spread_estimator_search"": ""fairness_aware_ris"", ""stack_name"": ""node2vec_xgboost_community_siea"", ""time_community_detection"": 0.07022880000022269, ""under_served_bonus_weight"": 1.5, ""use_cluster_diversity_bonus"": false, ""use_clustering_features"": true, ""use_dcv_first_swap_acceptance"": false, ""use_dcv_parity_repair"": false, ""use_dcv_targeting"": false, ""use_fair_ris"": true, ""use_over_served_group_penalty"": false, ""use_ris"": true}",False,"{""cluster_coverage_bonus"": {""constant"": true, ""count"": 3753, ""max"": 0.0, ""mean"": 0.0, ""min"": 0.0, ""std"": 0.0}, ""cluster_diversity_bonus"": {""constant"": true, ""count"": 3753, ""max"": 0.0, ""mean"": 0.0, ""min"": 0.0, ""std"": 0.0}, ""combined_score"": {""constant"": false, ""count"": 3753, ""max"": 8.900514038739631, ""mean"": 1.364458045099412, ""min"": 0.0, ""std"": 1.644826584204464}, ""community_diversity_bonus"": {""constant"": false, ""count"": 3753, ""max"": 1.0, ""mean"": 0.035973135367304246, ""min"": 0.0, ""std"": 0.07379084604023162}, ""fair_ris_score"": {""constant"": false, ""count"": 3753, ""max"": 1.0, ""mean"": 0.03685082670944603, ""min"": 0.0, ""std"": 0.1408174658369091}, ""fairness_bonus"": {""constant"": false, ""count"": 3753, ""max"": 1.0, ""mean"": 0.29030626812644966, ""min"": 0.0, ""std"": 0.3761251735502992}, ""ml_score"": {""constant"": false, ""count"": 3753, ""max"": 1.0, ""mean"": 0.010645782116646832, ""min"": 0.0, ""std"": 0.0757386425094972}, ""over_served_group_penalty"": {""constant"": true, ""count"": 3753, ""max"": 0.0, ""mean"": 0.0, ""min"": 0.0, ""std"": 0.0}, ""parity_adjusted_score"": {""constant"": false, ""count"": 3753, ""max"": 8.900514038739631, ""mean"": 1.364458045099412, ""min"": 0.0, ""std"": 1.644826584204464}, ""protected_group_coverage_bonus"": {""constant"": true, ""count"": 3753, ""max"": 0.0, ""mean"": 0.0, ""min"": 0.0, ""std"": 0.0}, ""ris_score"": {""constant"": false, ""count"": 3753, ""max"": 1.0, ""mean"": 0.037037037037037035, ""min"": 0.0, ""std"": 0.14075266052430918}, ""spread_proxy_score"": {""constant"": false, ""count"": 3753, ""max"": 1.0, ""mean"": 0.021371630484043374, ""min"": 0.0, ""std"": 0.04264050666543153}, ""under_served_group_bonus"": {""constant"": true, ""count"": 3753, ""max"": 0.0, ""mean"": 0.0, ""min"": 0.0, ""std"": 0.0}, ""weak_group_bonus"": {""constant"": false, ""count"": 3753, ""max"": 1.0, ""mean"": 0.29030626812644966, ""min"": 0.0, ""std"": 0.3761251735502992}}","[""cluster_coverage_bonus"", ""cluster_diversity_bonus"", ""protected_group_coverage_bonus"", ""under_served_group_bonus"", ""over_served_group_penalty""]",main_method=true; lightweight_quality_runtime=true; ml_guided_only=true; fair_ris_explicit=true; communities=118; modularity=0.655835; embedding_cache=miss; target=label_score; backend=tabular; candidate_pool=500; validation_spearman=0.9997; validation_precision_at_budget=1.0000; clusters=100; clustering_input_mode=embedding; Search objective used Fair RIS; final metrics reported by Monte Carlo.; history=twitter_node2vec_xgboost_community_siea_history.csv,,,42
gcn_community_siea,gcn_community_siea,ml_guided_community_siea,gcn_community_siea,ok,twitter,color,120,ic,professor_priority,leiden,graph,none,none,100.0,"{""0"": 34, ""1"": 20, ""2"": 55, ""3"": 51, ""4"": 36, ""5"": 105, ""6"": 88, ""7"": 70, ""8"": 7, ""9"": 39, ""10"": 6, ""11"": 80, ""12"": 70, ""13"": 155, ""14"": 40, ""15"": 102, ""16"": 37, ""17"": 53, ""18"": 59, ""19"": 50, ""20"": 25, ""21"": 75, ""22"": 35, ""23"": 9, ""24"": 154, ""25"": 37, ""26"": 14, ""27"": 22, ""28"": 71, ""29"": 43, ""30"": 123, ""31"": 24, ""32"": 13, ""33"": 133, ""34"": 22, ""35"": 163, ""36"": 72, ""37"": 19, ""38"": 46, ""39"": 82, ""40"": 12, ""41"": 35, ""42"": 22, ""43"": 78, ""44"": 29, ""45"": 13, ""46"": 22, ""47"": 56, ""48"": 35, ""49"": 3, ""50"": 59, ""51"": 28, ""52"": 68, ""53"": 85, ""54"": 51, ""55"": 69, ""56"": 57, ""57"": 52, ""58"": 3, ""59"": 35, ""60"": 91, ""61"": 29, ""62"": 34, ""63"": 37, ""64"": 5, ""65"": 61, ""66"": 9, ""67"": 7, ""68"": 8, ""69"": 24, ""70"": 41, ""71"": 26, ""72"": 22, ""73"": 20, ""74"": 22, ""75"": 2, ""76"": 8, ""77"": 26, ""78"": 9, ""79"": 5, ""80"": 5, ""81"": 14, ""82"": 11, ""83"": 8, ""84"": 19, ""85"": 2, ""86"": 8, ""87"": 21, ""88"": 5, ""89"": 2, ""90"": 3, ""91"": 1, ""92"": 1, ""93"": 4, ""94"": 1, ""95"": 4, ""96"": 4, ""97"": 1, ""98"": 1, ""99"": 1}","{""5"": 3, ""10"": 3, ""28"": 4, ""42"": 7, ""47"": 2, ""29"": 2, ""22"": 2, ""67"": 3, ""19"": 4, ""55"": 3, ""25"": 2, ""31"": 4, ""30"": 4, ""57"": 1, ""2"": 1, ""15"": 1, ""76"": 3, ""52"": 2, ""11"": 6, ""79"": 3, ""20"": 2, ""63"": 4, ""18"": 3, ""36"": 3, ""1"": 2, ""59"": 1, ""37"": 1, ""40"": 2, ""17"": 2, ""61"": 1, ""4"": 2, ""69"": 1, ""86"": 4, ""84"": 1, ""56"": 1, ""87"": 1, ""77"": 1, ""92"": 1, ""32"": 2, ""12"": 1, ""16"": 1, ""9"": 1, ""60"": 2, ""44"": 1, ""53"": 2, ""70"": 1, ""23"": 1, ""94"": 1, ""35"": 1, ""95"": 1, ""82"": 1, ""74"": 1, ""65"": 2, ""72"": 1, ""13"": 1, ""33"": 1, ""41"": 1, ""43"": 1, ""34"": 1, ""54"": 1, ""0"": 1}",61.0,0.61,0.008333333333333333,1.0,163.0,0.3,True,False,False,False,gcn,gcn,hybrid_si_ea,ml_guided_hybrid_siea,Graph Convolutional Network,GCN + Fair RIS scoring,Leiden,K-Means,Independent Cascade,Fair Reverse Influence Sampling / Fair RIS,weak_group_weighted,F-score fairness / influence objective,Swarm Intelligence + Evolutionary Algorithm,Fairness-first repair,Swap Local Search,Monte Carlo simulation,Professor-priority ranking,True,True,none,f_score,fairness_aware_ris,monte_carlo,fairness_aware_ris,monte_carlo,ris_guidance,fair_ris_guidance,monte_carlo,embedding+ranking+hybrid_si_ea,ml_guided,"[10104672, 10138132, 10651272, 11120172, 11763862, 12327342, 13253992, 13501922, 13654112, 14062948, 14099733, 14245571, 14268324, 14294948, 14305154, 1431301, 14315043, 14342597, 14420451, 14460783, 14506615, 14516061, 14527485, 14702781, 14767753, 14852216, 14858006, 14959367, 15011971, 15093092, 15145142, 15194724, 15197493, 15303316, 15357283, 15422070, 15513388, 15592537, 15730606, 15798850, 16045488, 16054649, 16152223, 16335288, 16394063, 16395784, 16561591, 16855827, 17357985, 17537187, 17850012, 18014005, 18033114, 18102660, 18166634, 18221018, 18229692, 18301693, 18398842, 18405034, 18552677, 18584267, 18882655, 18983688, 19202226, 19215129, 19394410, 19401409, 19461979, 19479061, 19543485, 19686924, 19753032, 19782176, 19860841, 20322060, 20661527, 20734423, 20851551, 21526244, 21781613, 22026974, 22299209, 22303562, 22559810, 22975077, 23015762, 23769455, 24222115, 24987071, 25671752, 25681991, 26061739, 26478351, 28840182, 29103015, 29591647, 29620256, 30059344, 30063657, 30412906, 30473755, 31237866, 32294244, 36727137, 38843284, 40732805, 42408628, 5699042, 5771302, 6750102, 7594962, 795448, 797531, 799192, 8053532, 8181702, 8414602, 8521542, 9244632]",128.95666666666668,8.956666666666678,0.02343859649122807,0.1299039172978148,-0.05323266040329337,0.02343859649122807,0.1299039172978148,-0.05323266040329337,201.12817860000087,200.84853100000055,0.27964760000031674,0.011011600000529143,1.06393399999979,0.37838639999972656,7.58700780000072,0.04100349999953323,0.04100349999953323,0.42464460000337567,0.0,0.27964760000031674,0.42464460000337567,2.486758999999438,186.61828649999916,,,0.27964760000031674,0.452139,"{""candidate_scoring"": 2.486758999999438, ""community_detection"": 0.37838639999972656, ""dataset_loading"": 0.011011600000529143, ""embedding_generation"": 7.58700780000072, ""final_mc_evaluation"": 0.27964760000031674, ""mc_search_evaluation"": 0.0, ""preprocessing"": 1.06393399999979, ""repair"": null, ""reporting"": null, ""ris_rr-set_generation"": 0.04100349999953323, ""ris_search_evaluation"": 0.42464460000337567, ""rr-set_generation"": 0.04100349999953323, ""search_objective_total"": 0.42464460000337567, ""siea_optimization"": 186.61828649999916, ""swap_local_search"": null, ""total_runtime"": 201.12817860000087}",auto,True,500,True,True,True,weak_group_weighted,128,256,True,258,0.14075266052430918,258,0.1408174658369091,True,True,True,True,,False,C:\Users\User\Desktop\VKU-Internship-2026\results\clustering_kmeans_diagnostic_only\runs\seed_42\budget_120\color\twitter\color\twitter_gcn_community_siea_ris_weak_group_weighted_rr256_cache.pkl,0.04100349999953323,256,256,0,0,4223,1,0.043679824799082896,-0.05323266040329337,893.3004603514231,128.95666666666668,False,0,,,,,True,True,0,1.0,0,fail,min_f_score,"{""0"": 24, ""1"": 59, ""2"": 37}","{'0': 812, '1': 2755, '2': 186}",120,120,0,"{""0"": 24, ""1"": 59, ""2"": 37}","{""0"": 13, ""1"": 7, ""10"": 10, ""104"": 1, ""110"": 1, ""13"": 2, ""14"": 1, ""17"": 2, ""18"": 2, ""19"": 23, ""2"": 5, ""20"": 2, ""22"": 5, ""24"": 2, ""25"": 1, ""27"": 7, ""29"": 6, ""3"": 3, ""35"": 2, ""38"": 2, ""4"": 5, ""5"": 3, ""63"": 2, ""7"": 1, ""78"": 1, ""8"": 2, ""9"": 8, ""93"": 1}",28,0.19166666666666668,24,59,14.811827956989248,"{'0': 25.963229416466827, '1': 88.08952837729817, '2': 5.947242206235012}","{'0': 25.89666666666667, '1': 64.57333333333334, '2': 38.486666666666665}","{'0': 0.03189244663382595, '1': 0.02343859649122807, '2': 0.20691756272401432}",0.08741620194968945,0.23900272154864974,0.02145659663148978,['2'],"['0', '1']","{""0"": 25.89666666666667, ""1"": 64.57333333333334, ""2"": 38.486666666666665}","{""0"": 0.03189244663382595, ""1"": 0.02343859649122807, ""2"": 0.20691756272401432}",1,2,1,2,DCV exceeds MF after lambda weighting; weakest protected group has low normalized influence.,2.0,True,auto,,,,,per_group,"{'0': 120, '1': 260, '2': 120}",120.0,"{'0': 0, '1': 0, '2': 0}",True,Budget may be too small for stable fairness on this graph. Reasons: protected-group imbalance ratio above warning threshold,"{'0': 36, '1': 67, '2': 17}","{'0': 16, '1': 16, '2': 16}",0.0,0.0,0.0,"{'0': 30, '1': 56, '2': 34}","{'0': 30, '1': 56, '2': 34}",160.0,81.0,79.0,79.0,81.0,0.0,0.0,0.0,0.0,,,0,0,[],,,,,,0.0,0.0,0.0,0.0,0.0,0.0,0.0,0.0,,6.0,1.6381354991767565,"{""accepted_dcv_improvement_swaps"": 0, ""accepted_fscore_swaps"": 81, ""accepted_mf_dcv_moves"": 0, ""accepted_spread_safe_swaps"": 0, ""best_generation"": 6, ""candidate_pool_size"": 500, ""crossover_rate"": null, ""dcv_after_parity_repair_estimated"": null, ""dcv_before_parity_repair"": null, ""diversity_score"": null, ""duplicate_repairs"": 0, ""final_fitness"": 1.6381354991767565, ""generations"": 10, ""initial_population_size"": 16, ""local_search_attempts"": 0, ""local_search_enabled"": null, ""local_search_improvements"": 0, ""local_search_intensity"": """", ""local_search_top_elites"": null, ""mutation_rate"": null, ""optimizer_mode"": ""hybrid_si_ea"", ""parity_repair_attempts"": 0, ""parity_repair_successes"": 0, ""rejected_dcv_worsening_swaps"": 0, ""rejected_fairness_drops"": 79, ""repair_attempts"": 0, ""successful_swaps"": 160, ""swap_attempts"": 160, ""weak_group_repairs"": 0}",20,300,16,10,diffusion=ic | community=leiden | embedding=gcn | clustering=none | clustering_input_mode=none | ranking=gcn | optimizer=hybrid_si_ea | debias_mode=none | search_estimator=fairness_aware_ris | final_estimator=monte_carlo | fair_ris=True,True,basic,False,0.4,0.5,4.0,1.0,4.0,0.8,4.0,0.2,True,True,balanced,combined_candidate_score,524.0,160.0,"{""0"": 13, ""1"": 7, ""10"": 10, ""104"": 1, ""110"": 1, ""13"": 2, ""14"": 1, ""17"": 2, ""18"": 2, ""19"": 23, ""2"": 5, ""20"": 2, ""22"": 5, ""24"": 2, ""25"": 1, ""27"": 7, ""29"": 6, ""3"": 3, ""35"": 2, ""38"": 2, ""4"": 5, ""5"": 3, ""63"": 2, ""7"": 1, ""78"": 1, ""8"": 2, ""9"": 8, ""93"": 1}","{""0"": 13, ""1"": 7, ""10"": 10, ""104"": 1, ""110"": 1, ""13"": 2, ""14"": 1, ""17"": 2, ""18"": 2, ""19"": 23, ""2"": 5, ""20"": 2, ""22"": 5, ""24"": 2, ""25"": 1, ""27"": 7, ""29"": 6, ""3"": 3, ""35"": 2, ""38"": 2, ""4"": 5, ""5"": 3, ""63"": 2, ""7"": 1, ""78"": 1, ""8"": 2, ""9"": 8, ""93"": 1}",0.23728813559322035,"{""0"": 24, ""1"": 59, ""2"": 37}",118,0.655834799478443,C:\Users\User\Desktop\VKU-Internship-2026\results\clustering_kmeans_diagnostic_only\runs\seed_42\budget_120\color\twitter\color\twitter_gcn_community_siea_combined_candidate_scores.csv,C:\Users\User\Desktop\VKU-Internship-2026\results\clustering_kmeans_diagnostic_only\runs\seed_42\budget_120\color\twitter\embeddings\twitter_gcn_embeddings.pkl,miss,miss,miss,miss,506.0,34291.0,0.0,C:\Users\User\Desktop\VKU-Internship-2026\results\clustering_kmeans_diagnostic_only\runs\seed_42\budget_120\color\twitter\color\twitter_gcn_community_siea_leiden_community_assignments.csv,C:\Users\User\Desktop\VKU-Internship-2026\results\clustering_kmeans_diagnostic_only\runs\seed_42\budget_120\color\twitter\color\twitter_gcn_community_siea_leiden_community_sizes.csv,C:\Users\User\Desktop\VKU-Internship-2026\results\clustering_kmeans_diagnostic_only\runs\seed_42\budget_120\color\twitter\color\twitter_gcn_community_siea_diagnostics.json,"{""adaptive_fairness_multiplier"": 2.0, ""all_candidate_score_components_constant"": false, ""budget"": 120, ""budget_adequacy_warning"": ""Budget may be too small for stable fairness on this graph. Reasons: protected-group imbalance ratio above warning threshold"", ""budget_per_group_estimate"": {""0"": 25.963229416466827, ""1"": 88.08952837729817, ""2"": 5.947242206235012}, ""cluster_balance_enabled"": false, ""cluster_coverage_ratio"": 0.0, ""cluster_diversity_weight"": 0.3, ""cluster_repair_enabled"": false, ""cluster_sizes_json"": ""{\""0\"": 34, \""1\"": 20, \""2\"": 55, \""3\"": 51, \""4\"": 36, \""5\"": 105, \""6\"": 88, \""7\"": 70, \""8\"": 7, \""9\"": 39, \""10\"": 6, \""11\"": 80, \""12\"": 70, \""13\"": 155, \""14\"": 40, \""15\"": 102, \""16\"": 37, \""17\"": 53, \""18\"": 59, \""19\"": 50, \""20\"": 25, \""21\"": 75, \""22\"": 35, \""23\"": 9, \""24\"": 154, \""25\"": 37, \""26\"": 14, \""27\"": 22, \""28\"": 71, \""29\"": 43, \""30\"": 123, \""31\"": 24, \""32\"": 13, \""33\"": 133, \""34\"": 22, \""35\"": 163, \""36\"": 72, \""37\"": 19, \""38\"": 46, \""39\"": 82, \""40\"": 12, \""41\"": 35, \""42\"": 22, \""43\"": 78, \""44\"": 29, \""45\"": 13, \""46\"": 22, \""47\"": 56, \""48\"": 35, \""49\"": 3, \""50\"": 59, \""51\"": 28, \""52\"": 68, \""53\"": 85, \""54\"": 51, \""55\"": 69, \""56\"": 57, \""57\"": 52, \""58\"": 3, \""59\"": 35, \""60\"": 91, \""61\"": 29, \""62\"": 34, \""63\"": 37, \""64\"": 5, \""65\"": 61, \""66\"": 9, \""67\"": 7, \""68\"": 8, \""69\"": 24, \""70\"": 41, \""71\"": 26, \""72\"": 22, \""73\"": 20, \""74\"": 22, \""75\"": 2, \""76\"": 8, \""77\"": 26, \""78\"": 9, \""79\"": 5, \""80\"": 5, \""81\"": 14, \""82\"": 11, \""83\"": 8, \""84\"": 19, \""85\"": 2, \""86\"": 8, \""87\"": 21, \""88\"": 5, \""89\"": 2, \""90\"": 3, \""91\"": 1, \""92\"": 1, \""93\"": 4, \""94\"": 1, \""95\"": 4, \""96\"": 4, \""97\"": 1, \""98\"": 1, \""99\"": 1}"", ""clustering_skip_reason"": ""clustering_input_mode=embedding"", ""clusters_covered"": 0, ""constant_components"": {""cluster_coverage_bonus"": true, ""cluster_diversity_bonus"": true, ""combined_score"": false, ""community_diversity_bonus"": false, ""fair_ris_score"": false, ""fairness_bonus"": false, ""ml_score"": false, ""over_served_group_penalty"": true, ""parity_adjusted_score"": false, ""protected_group_coverage_bonus"": true, ""ris_score"": false, ""spread_proxy_score"": false, ""under_served_group_bonus"": true, ""weak_group_bonus"": false}, ""constant_score_components"": ""[\""cluster_coverage_bonus\"", \""cluster_diversity_bonus\"", \""protected_group_coverage_bonus\"", \""under_served_group_bonus\"", \""over_served_group_penalty\""]"", ""dataset"": ""twitter"", ""dcv_target_weight"": 3.0, ""diagnostics_path"": ""C:\\Users\\User\\Desktop\\VKU-Internship-2026\\results\\clustering_kmeans_diagnostic_only\\runs\\seed_42\\budget_120\\color\\twitter\\color\\twitter_gcn_community_siea_diagnostics.json"", ""effective_ris_num_rr_sets"": 256, ""fair_ris_enabled"": true, ""force_ris_for_all_stacks"": true, ""imbalance_ratio"": 14.811827956989248, ""large_imbalance_fairness_active"": true, ""large_imbalance_fairness_mode"": ""auto"", ""largest_cluster_seed_fraction"": 0.0, ""largest_cluster_size"": 163, ""largest_community_size"": 442, ""largest_group_size"": 2755, ""num_clusters"": 100, ""num_communities"": 118, ""num_edges"": 13986, ""num_nodes"": 3753, ""over_served_penalty_weight"": 2.0, ""parity_error_weight"": 2.0, ""parity_tolerance"": 0.005, ""protected_attribute"": ""color"", ""protected_group_counts"": {""0"": 812, ""1"": 2755, ""2"": 186}, ""require_ris"": true, ""ris_mode"": ""weak_group_weighted"", ""ris_num_rr_sets"": 128, ""ris_reuse_rr_sets"": true, ""score_component_stats_json"": ""{\""cluster_coverage_bonus\"": {\""constant\"": true, \""count\"": 3753, \""max\"": 0.0, \""mean\"": 0.0, \""min\"": 0.0, \""std\"": 0.0}, \""cluster_diversity_bonus\"": {\""constant\"": true, \""count\"": 3753, \""max\"": 0.0, \""mean\"": 0.0, \""min\"": 0.0, \""std\"": 0.0}, \""combined_score\"": {\""constant\"": false, \""count\"": 3753, \""max\"": 8.783991428031285, \""mean\"": 1.6160439001797107, \""min\"": 0.12116118976284275, \""std\"": 1.633352971213335}, \""community_diversity_bonus\"": {\""constant\"": false, \""count\"": 3753, \""max\"": 1.0, \""mean\"": 0.035973135367304246, \""min\"": 0.0, \""std\"": 0.07379084604023162}, \""fair_ris_score\"": {\""constant\"": false, \""count\"": 3753, \""max\"": 1.0, \""mean\"": 0.03685082670944603, \""min\"": 0.0, \""std\"": 0.1408174658369091}, \""fairness_bonus\"": {\""constant\"": false, \""count\"": 3753, \""max\"": 1.0, \""mean\"": 0.29030626812644966, \""min\"": 0.0, \""std\"": 0.3761251735502992}, \""ml_score\"": {\""constant\"": false, \""count\"": 3753, \""max\"": 1.0, \""mean\"": 0.6396104198173931, \""min\"": 0.0, \""std\"": 0.12678273161579678}, \""over_served_group_penalty\"": {\""constant\"": true, \""count\"": 3753, \""max\"": 0.0, \""mean\"": 0.0, \""min\"": 0.0, \""std\"": 0.0}, \""parity_adjusted_score\"": {\""constant\"": false, \""count\"": 3753, \""max\"": 8.783991428031285, \""mean\"": 1.6160439001797107, \""min\"": 0.12116118976284275, \""std\"": 1.633352971213335}, \""protected_group_coverage_bonus\"": {\""constant\"": true, \""count\"": 3753, \""max\"": 0.0, \""mean\"": 0.0, \""min\"": 0.0, \""std\"": 0.0}, \""ris_score\"": {\""constant\"": false, \""count\"": 3753, \""max\"": 1.0, \""mean\"": 0.037037037037037035, \""min\"": 0.0, \""std\"": 0.14075266052430918}, \""spread_proxy_score\"": {\""constant\"": false, \""count\"": 3753, \""max\"": 1.0, \""mean\"": 0.021371630484043374, \""min\"": 0.0, \""std\"": 0.04264050666543153}, \""under_served_group_bonus\"": {\""constant\"": true, \""count\"": 3753, \""max\"": 0.0, \""mean\"": 0.0, \""min\"": 0.0, \""std\"": 0.0}, \""weak_group_bonus\"": {\""constant\"": false, \""count\"": 3753, \""max\"": 1.0, \""mean\"": 0.29030626812644966, \""min\"": 0.0, \""std\"": 0.3761251735502992}}"", ""score_normalization"": ""per_group"", ""score_table_path"": ""C:\\Users\\User\\Desktop\\VKU-Internship-2026\\results\\clustering_kmeans_diagnostic_only\\runs\\seed_42\\budget_120\\color\\twitter\\color\\twitter_gcn_community_siea_combined_candidate_scores.csv"", ""seed_cluster_counts_json"": ""{}"", ""smallest_cluster_size"": 1, ""smallest_community_size"": 2, ""smallest_group_size"": 186, ""spread_estimator_final"": ""monte_carlo"", ""spread_estimator_search"": ""fairness_aware_ris"", ""stack_name"": ""gcn_community_siea"", ""time_community_detection"": 0.1050465999996959, ""under_served_bonus_weight"": 1.5, ""use_cluster_diversity_bonus"": false, ""use_clustering_features"": true, ""use_dcv_first_swap_acceptance"": false, ""use_dcv_parity_repair"": false, ""use_dcv_targeting"": false, ""use_fair_ris"": true, ""use_over_served_group_penalty"": false, ""use_ris"": true}",False,"{""cluster_coverage_bonus"": {""constant"": true, ""count"": 3753, ""max"": 0.0, ""mean"": 0.0, ""min"": 0.0, ""std"": 0.0}, ""cluster_diversity_bonus"": {""constant"": true, ""count"": 3753, ""max"": 0.0, ""mean"": 0.0, ""min"": 0.0, ""std"": 0.0}, ""combined_score"": {""constant"": false, ""count"": 3753, ""max"": 8.783991428031285, ""mean"": 1.6160439001797107, ""min"": 0.12116118976284275, ""std"": 1.633352971213335}, ""community_diversity_bonus"": {""constant"": false, ""count"": 3753, ""max"": 1.0, ""mean"": 0.035973135367304246, ""min"": 0.0, ""std"": 0.07379084604023162}, ""fair_ris_score"": {""constant"": false, ""count"": 3753, ""max"": 1.0, ""mean"": 0.03685082670944603, ""min"": 0.0, ""std"": 0.1408174658369091}, ""fairness_bonus"": {""constant"": false, ""count"": 3753, ""max"": 1.0, ""mean"": 0.29030626812644966, ""min"": 0.0, ""std"": 0.3761251735502992}, ""ml_score"": {""constant"": false, ""count"": 3753, ""max"": 1.0, ""mean"": 0.6396104198173931, ""min"": 0.0, ""std"": 0.12678273161579678}, ""over_served_group_penalty"": {""constant"": true, ""count"": 3753, ""max"": 0.0, ""mean"": 0.0, ""min"": 0.0, ""std"": 0.0}, ""parity_adjusted_score"": {""constant"": false, ""count"": 3753, ""max"": 8.783991428031285, ""mean"": 1.6160439001797107, ""min"": 0.12116118976284275, ""std"": 1.633352971213335}, ""protected_group_coverage_bonus"": {""constant"": true, ""count"": 3753, ""max"": 0.0, ""mean"": 0.0, ""min"": 0.0, ""std"": 0.0}, ""ris_score"": {""constant"": false, ""count"": 3753, ""max"": 1.0, ""mean"": 0.037037037037037035, ""min"": 0.0, ""std"": 0.14075266052430918}, ""spread_proxy_score"": {""constant"": false, ""count"": 3753, ""max"": 1.0, ""mean"": 0.021371630484043374, ""min"": 0.0, ""std"": 0.04264050666543153}, ""under_served_group_bonus"": {""constant"": true, ""count"": 3753, ""max"": 0.0, ""mean"": 0.0, ""min"": 0.0, ""std"": 0.0}, ""weak_group_bonus"": {""constant"": false, ""count"": 3753, ""max"": 1.0, ""mean"": 0.29030626812644966, ""min"": 0.0, ""std"": 0.3761251735502992}}","[""cluster_coverage_bonus"", ""cluster_diversity_bonus"", ""protected_group_coverage_bonus"", ""under_served_group_bonus"", ""over_served_group_penalty""]",optional_gnn_comparison=true; ml_guided_only=true; fair_ris_explicit=true; communities=118; modularity=0.655835; embedding_cache=miss; target=label_score; backend=gnn; candidate_pool=500; validation_spearman=-0.0212; validation_precision_at_budget=0.1333; clusters=100; clustering_input_mode=embedding; Search objective used Fair RIS; final metrics reported by Monte Carlo.; history=twitter_gcn_community_siea_history.csv,,,42
graphsage_community_ea_memetic,graphsage_community_ea_memetic,ml_guided_community_siea,graphsage_community_ea_memetic,ok,twitter,color,120,ic,professor_priority,leiden,graph,none,none,100.0,"{""0"": 63, ""1"": 43, ""2"": 52, ""3"": 36, ""4"": 50, ""5"": 179, ""6"": 109, ""7"": 59, ""8"": 16, ""9"": 49, ""10"": 22, ""11"": 47, ""12"": 25, ""13"": 269, ""14"": 36, ""15"": 163, ""16"": 20, ""17"": 31, ""18"": 30, ""19"": 65, ""20"": 14, ""21"": 72, ""22"": 74, ""23"": 43, ""24"": 36, ""25"": 72, ""26"": 52, ""27"": 14, ""28"": 208, ""29"": 26, ""30"": 13, ""31"": 123, ""32"": 69, ""33"": 16, ""34"": 12, ""35"": 137, ""36"": 40, ""37"": 57, ""38"": 25, ""39"": 33, ""40"": 21, ""41"": 66, ""42"": 8, ""43"": 19, ""44"": 41, ""45"": 35, ""46"": 97, ""47"": 60, ""48"": 8, ""49"": 67, ""50"": 60, ""51"": 45, ""52"": 25, ""53"": 48, ""54"": 40, ""55"": 11, ""56"": 17, ""57"": 26, ""58"": 19, ""59"": 10, ""60"": 35, ""61"": 14, ""62"": 18, ""63"": 17, ""64"": 48, ""65"": 20, ""66"": 23, ""67"": 4, ""68"": 20, ""69"": 24, ""70"": 13, ""71"": 15, ""72"": 4, ""73"": 8, ""74"": 14, ""75"": 34, ""76"": 18, ""77"": 6, ""78"": 13, ""79"": 24, ""80"": 14, ""81"": 24, ""82"": 16, ""83"": 11, ""84"": 10, ""85"": 14, ""86"": 4, ""87"": 6, ""88"": 11, ""89"": 9, ""90"": 2, ""91"": 11, ""92"": 3, ""93"": 1, ""94"": 8, ""95"": 5, ""96"": 1, ""97"": 1, ""98"": 5, ""99"": 2}","{""5"": 5, ""50"": 4, ""31"": 5, ""10"": 1, ""66"": 2, ""49"": 5, ""24"": 2, ""11"": 5, ""46"": 8, ""59"": 1, ""6"": 6, ""81"": 3, ""36"": 2, ""44"": 2, ""25"": 3, ""39"": 1, ""69"": 1, ""35"": 4, ""26"": 3, ""85"": 1, ""19"": 1, ""47"": 3, ""40"": 1, ""57"": 3, ""41"": 2, ""27"": 1, ""15"": 4, ""33"": 1, ""43"": 3, ""55"": 2, ""54"": 2, ""9"": 1, ""21"": 1, ""28"": 2, ""53"": 5, ""89"": 1, ""13"": 3, ""58"": 1, ""17"": 5, ""95"": 1, ""76"": 1, ""80"": 1, ""70"": 1, ""88"": 1, ""30"": 1, ""2"": 1, ""56"": 1, ""51"": 1, ""7"": 1, ""78"": 1, ""75"": 1, ""52"": 1, ""0"": 1}",53.0,0.53,0.025,1.0,269.0,0.3,True,False,False,False,graphsage,graphsage,evolutionary_memetic,ml_guided,GraphSAGE,GraphSAGE + Fair RIS scoring,Leiden,K-Means,Independent Cascade,Fair Reverse Influence Sampling / Fair RIS,weak_group_weighted,F-score fairness / influence objective,evolutionary_memetic,Fairness-first repair,Local Search,Monte Carlo simulation,Professor-priority ranking,False,True,none,f_score,fairness_aware_ris,monte_carlo,fairness_aware_ris,monte_carlo,ris_guidance,fair_ris_guidance,monte_carlo,embedding+ranking+evolutionary_memetic,ml_guided,"[10104672, 12149902, 12327342, 13501922, 13654112, 14061925, 14062948, 14069593, 14111623, 14204887, 14245571, 14305154, 14315043, 14420451, 14479592, 14527485, 14727321, 14767753, 14825622, 14852216, 15011971, 15093092, 15145142, 15194724, 15357283, 15422070, 15439239, 15730606, 15791939, 15917850, 16054649, 16152223, 16158546, 16254381, 16380856, 16394063, 16586626, 16986733, 17275103, 18033114, 18166634, 18183543, 18229692, 18301693, 18398842, 18405034, 18444724, 18660521, 18725918, 19087305, 19401409, 19444649, 19461979, 19860841, 20077017, 20168604, 20693960, 20708884, 20734423, 20745227, 21395752, 21488707, 21491565, 21706932, 22026974, 22217321, 22299209, 22498142, 22559810, 22606755, 23134293, 23626294, 23769455, 24222115, 24876633, 24987071, 25671752, 25681991, 26061739, 26478351, 26565599, 2789161, 28136273, 28188761, 28682208, 28840182, 29103015, 29308780, 29461507, 29468405, 29591647, 29941073, 30063657, 30734481, 31237866, 32534283, 3267891, 33354383, 35444343, 35931640, 37289924, 37609530, 37750797, 38058345, 38555777, 38843284, 40732805, 41387852, 43666495, 5699042, 5771302, 6750102, 717853, 7594962, 799192, 8053532, 8152512, 8414602, 8521542, 9909562]",125.08333333333333,5.083333333333329,0.03207017543859649,0.012588847201280966,0.009740664118657764,0.03207017543859649,0.012588847201280966,0.009740664118657764,159.0602381000008,158.8909515000014,0.16928659999939555,0.011011600000529143,1.0506294000006164,0.3199050000002899,0.018595300000015413,0.04097209999963525,0.04097209999963525,0.38317589995858725,0.0,0.16928659999939555,0.38317589995858725,2.957235199999559,151.8481898000009,,,0.16928659999939555,0.452139,"{""candidate_scoring"": 2.957235199999559, ""community_detection"": 0.3199050000002899, ""dataset_loading"": 0.011011600000529143, ""embedding_generation"": 0.018595300000015413, ""final_mc_evaluation"": 0.16928659999939555, ""mc_search_evaluation"": 0.0, ""preprocessing"": 1.0506294000006164, ""repair"": null, ""reporting"": null, ""ris_rr-set_generation"": 0.04097209999963525, ""ris_search_evaluation"": 0.38317589995858725, ""rr-set_generation"": 0.04097209999963525, ""search_objective_total"": 0.38317589995858725, ""siea_optimization"": 151.8481898000009, ""swap_local_search"": null, ""total_runtime"": 159.0602381000008}",auto,True,500,True,True,True,weak_group_weighted,128,256,True,258,0.14075266052430918,258,0.1408174658369091,True,True,True,True,,False,C:\Users\User\Desktop\VKU-Internship-2026\results\clustering_kmeans_diagnostic_only\runs\seed_42\budget_120\color\twitter\color\twitter_graphsage_community_ea_memetic_ris_weak_group_weighted_rr256_cache.pkl,0.04097209999963525,256,256,0,0,3966,1,0.15405545851300695,0.009740664118657764,1459.2049212215522,125.08333333333333,False,0,,,,,True,True,0,1.0,0,pass,,"{""0"": 26, ""1"": 85, ""2"": 9}","{'0': 812, '1': 2755, '2': 186}",120,120,0,"{""0"": 26, ""1"": 85, ""2"": 9}","{""0"": 10, ""1"": 13, ""10"": 24, ""104"": 1, ""110"": 1, ""13"": 1, ""14"": 1, ""17"": 2, ""18"": 2, ""19"": 14, ""2"": 7, ""22"": 5, ""24"": 10, ""25"": 1, ""27"": 6, ""29"": 3, ""3"": 1, ""35"": 1, ""38"": 2, ""4"": 8, ""5"": 1, ""7"": 1, ""78"": 1, ""8"": 1, ""9"": 3}",25,0.2,9,85,14.811827956989248,"{'0': 25.963229416466827, '1': 88.08952837729817, '2': 5.947242206235012}","{'0': 27.28, '1': 88.35333333333334, '2': 9.45}","{'0': 0.03359605911330049, '1': 0.03207017543859649, '2': 0.050806451612903224}",0.038824228721600074,0.023964445782606314,0.0002165246586196681,['2'],"['0', '1']","{""0"": 27.28, ""1"": 88.35333333333334, ""2"": 9.45}","{""0"": 0.03359605911330049, ""1"": 0.03207017543859649, ""2"": 0.050806451612903224}",1,2,1,2,,2.0,True,auto,,,,,per_group,"{'0': 120, '1': 260, '2': 120}",120.0,"{'0': 0, '1': 0, '2': 0}",True,Budget may be too small for stable fairness on this graph. Reasons: protected-group imbalance ratio above warning threshold,"{'0': 36, '1': 67, '2': 17}","{'0': 16, '1': 16, '2': 16}",2140.0,2140.0,0.0,"{'0': 31, '1': 62, '2': 27}","{'0': 31, '1': 64, '2': 25}",40.0,2.0,38.0,38.0,2.0,0.0,0.0,0.0,0.0,,,0,0,[],0.9,0.25,True,0.25,light,40.0,2.0,2.0,0.0,0.0,0.0,136.0,116.0,0.3756409437546074,1.0,2.815771391320282,"{""accepted_dcv_improvement_swaps"": 0, ""accepted_fscore_swaps"": 2, ""accepted_mf_dcv_moves"": 0, ""accepted_spread_safe_swaps"": 0, ""best_generation"": 1, ""candidate_pool_size"": 500, ""crossover_rate"": 0.9, ""dcv_after_parity_repair_estimated"": null, ""dcv_before_parity_repair"": null, ""diversity_score"": 0.3756409437546074, ""duplicate_repairs"": 0, ""final_fitness"": 2.815771391320282, ""generations"": 10, ""initial_population_size"": 16, ""local_search_attempts"": 40, ""local_search_enabled"": true, ""local_search_improvements"": 2, ""local_search_intensity"": ""light"", ""local_search_top_elites"": 0.25, ""mutation_rate"": 0.25, ""optimizer_mode"": ""evolutionary_memetic"", ""parity_repair_attempts"": 0, ""parity_repair_successes"": 0, ""rejected_dcv_worsening_swaps"": 0, ""rejected_fairness_drops"": 38, ""repair_attempts"": 2140, ""successful_swaps"": 2, ""swap_attempts"": 40, ""weak_group_repairs"": 2140}",20,300,16,10,diffusion=ic | community=leiden | embedding=graphsage | clustering=none | clustering_input_mode=none | ranking=graphsage | optimizer=evolutionary_memetic | debias_mode=none | search_estimator=fairness_aware_ris | final_estimator=monte_carlo | fair_ris=True,True,basic,False,0.4,0.5,4.0,1.0,4.0,0.8,4.0,0.2,True,True,balanced,graphsage,1070.0,2.0,"{""0"": 10, ""1"": 13, ""10"": 24, ""104"": 1, ""110"": 1, ""13"": 1, ""14"": 1, ""17"": 2, ""18"": 2, ""19"": 14, ""2"": 7, ""22"": 5, ""24"": 10, ""25"": 1, ""27"": 6, ""29"": 3, ""3"": 1, ""35"": 1, ""38"": 2, ""4"": 8, ""5"": 1, ""7"": 1, ""78"": 1, ""8"": 1, ""9"": 3}","{""0"": 10, ""1"": 13, ""10"": 24, ""104"": 1, ""110"": 1, ""13"": 1, ""14"": 1, ""17"": 2, ""18"": 2, ""19"": 14, ""2"": 7, ""22"": 5, ""24"": 10, ""25"": 1, ""27"": 6, ""29"": 3, ""3"": 1, ""35"": 1, ""38"": 2, ""4"": 8, ""5"": 1, ""7"": 1, ""78"": 1, ""8"": 1, ""9"": 3}",0.211864406779661,"{""0"": 26, ""1"": 85, ""2"": 9}",118,0.655834799478443,C:\Users\User\Desktop\VKU-Internship-2026\results\clustering_kmeans_diagnostic_only\runs\seed_42\budget_120\color\twitter\color\twitter_graphsage_community_ea_memetic_combined_candidate_scores.csv,C:\Users\User\Desktop\VKU-Internship-2026\results\clustering_kmeans_diagnostic_only\runs\seed_42\budget_120\color\twitter\embeddings\twitter_graphsage_embeddings.pkl,hit,miss,miss,miss,575.0,219658.0,1.0,C:\Users\User\Desktop\VKU-Internship-2026\results\clustering_kmeans_diagnostic_only\runs\seed_42\budget_120\color\twitter\color\twitter_graphsage_community_ea_memetic_leiden_community_assignments.csv,C:\Users\User\Desktop\VKU-Internship-2026\results\clustering_kmeans_diagnostic_only\runs\seed_42\budget_120\color\twitter\color\twitter_graphsage_community_ea_memetic_leiden_community_sizes.csv,C:\Users\User\Desktop\VKU-Internship-2026\results\clustering_kmeans_diagnostic_only\runs\seed_42\budget_120\color\twitter\color\twitter_graphsage_community_ea_memetic_diagnostics.json,"{""adaptive_fairness_multiplier"": 2.0, ""all_candidate_score_components_constant"": false, ""budget"": 120, ""budget_adequacy_warning"": ""Budget may be too small for stable fairness on this graph. Reasons: protected-group imbalance ratio above warning threshold"", ""budget_per_group_estimate"": {""0"": 25.963229416466827, ""1"": 88.08952837729817, ""2"": 5.947242206235012}, ""cluster_balance_enabled"": false, ""cluster_coverage_ratio"": 0.0, ""cluster_diversity_weight"": 0.3, ""cluster_repair_enabled"": false, ""cluster_sizes_json"": ""{\""0\"": 63, \""1\"": 43, \""2\"": 52, \""3\"": 36, \""4\"": 50, \""5\"": 179, \""6\"": 109, \""7\"": 59, \""8\"": 16, \""9\"": 49, \""10\"": 22, \""11\"": 47, \""12\"": 25, \""13\"": 269, \""14\"": 36, \""15\"": 163, \""16\"": 20, \""17\"": 31, \""18\"": 30, \""19\"": 65, \""20\"": 14, \""21\"": 72, \""22\"": 74, \""23\"": 43, \""24\"": 36, \""25\"": 72, \""26\"": 52, \""27\"": 14, \""28\"": 208, \""29\"": 26, \""30\"": 13, \""31\"": 123, \""32\"": 69, \""33\"": 16, \""34\"": 12, \""35\"": 137, \""36\"": 40, \""37\"": 57, \""38\"": 25, \""39\"": 33, \""40\"": 21, \""41\"": 66, \""42\"": 8, \""43\"": 19, \""44\"": 41, \""45\"": 35, \""46\"": 97, \""47\"": 60, \""48\"": 8, \""49\"": 67, \""50\"": 60, \""51\"": 45, \""52\"": 25, \""53\"": 48, \""54\"": 40, \""55\"": 11, \""56\"": 17, \""57\"": 26, \""58\"": 19, \""59\"": 10, \""60\"": 35, \""61\"": 14, \""62\"": 18, \""63\"": 17, \""64\"": 48, \""65\"": 20, \""66\"": 23, \""67\"": 4, \""68\"": 20, \""69\"": 24, \""70\"": 13, \""71\"": 15, \""72\"": 4, \""73\"": 8, \""74\"": 14, \""75\"": 34, \""76\"": 18, \""77\"": 6, \""78\"": 13, \""79\"": 24, \""80\"": 14, \""81\"": 24, \""82\"": 16, \""83\"": 11, \""84\"": 10, \""85\"": 14, \""86\"": 4, \""87\"": 6, \""88\"": 11, \""89\"": 9, \""90\"": 2, \""91\"": 11, \""92\"": 3, \""93\"": 1, \""94\"": 8, \""95\"": 5, \""96\"": 1, \""97\"": 1, \""98\"": 5, \""99\"": 2}"", ""clustering_skip_reason"": ""clustering_input_mode=embedding"", ""clusters_covered"": 0, ""constant_components"": {""cluster_coverage_bonus"": true, ""cluster_diversity_bonus"": true, ""combined_score"": false, ""community_diversity_bonus"": false, ""fair_ris_score"": false, ""fairness_bonus"": false, ""ml_score"": false, ""over_served_group_penalty"": true, ""parity_adjusted_score"": false, ""protected_group_coverage_bonus"": true, ""ris_score"": false, ""spread_proxy_score"": false, ""under_served_group_bonus"": true, ""weak_group_bonus"": false}, ""constant_score_components"": ""[\""cluster_coverage_bonus\"", \""cluster_diversity_bonus\"", \""protected_group_coverage_bonus\"", \""under_served_group_bonus\"", \""over_served_group_penalty\""]"", ""dataset"": ""twitter"", ""dcv_target_weight"": 3.0, ""diagnostics_path"": ""C:\\Users\\User\\Desktop\\VKU-Internship-2026\\results\\clustering_kmeans_diagnostic_only\\runs\\seed_42\\budget_120\\color\\twitter\\color\\twitter_graphsage_community_ea_memetic_diagnostics.json"", ""effective_ris_num_rr_sets"": 256, ""fair_ris_enabled"": true, ""force_ris_for_all_stacks"": true, ""imbalance_ratio"": 14.811827956989248, ""large_imbalance_fairness_active"": true, ""large_imbalance_fairness_mode"": ""auto"", ""largest_cluster_seed_fraction"": 0.0, ""largest_cluster_size"": 269, ""largest_community_size"": 442, ""largest_group_size"": 2755, ""num_clusters"": 100, ""num_communities"": 118, ""num_edges"": 13986, ""num_nodes"": 3753, ""over_served_penalty_weight"": 2.0, ""parity_error_weight"": 2.0, ""parity_tolerance"": 0.005, ""protected_attribute"": ""color"", ""protected_group_counts"": {""0"": 812, ""1"": 2755, ""2"": 186}, ""require_ris"": true, ""ris_mode"": ""weak_group_weighted"", ""ris_num_rr_sets"": 128, ""ris_reuse_rr_sets"": true, ""score_component_stats_json"": ""{\""cluster_coverage_bonus\"": {\""constant\"": true, \""count\"": 3753, \""max\"": 0.0, \""mean\"": 0.0, \""min\"": 0.0, \""std\"": 0.0}, \""cluster_diversity_bonus\"": {\""constant\"": true, \""count\"": 3753, \""max\"": 0.0, \""mean\"": 0.0, \""min\"": 0.0, \""std\"": 0.0}, \""combined_score\"": {\""constant\"": false, \""count\"": 3753, \""max\"": 8.68916384535057, \""mean\"": 1.5586961372740304, \""min\"": 0.036195602830225736, \""std\"": 1.6381271314810268}, \""community_diversity_bonus\"": {\""constant\"": false, \""count\"": 3753, \""max\"": 1.0, \""mean\"": 0.035973135367304246, \""min\"": 0.0, \""std\"": 0.07379084604023162}, \""fair_ris_score\"": {\""constant\"": false, \""count\"": 3753, \""max\"": 1.0, \""mean\"": 0.03685082670944603, \""min\"": 0.0, \""std\"": 0.1408174658369091}, \""fairness_bonus\"": {\""constant\"": false, \""count\"": 3753, \""max\"": 1.0, \""mean\"": 0.29030626812644966, \""min\"": 0.0, \""std\"": 0.3761251735502992}, \""ml_score\"": {\""constant\"": false, \""count\"": 3753, \""max\"": 1.0, \""mean\"": 0.49624101255319264, \""min\"": 0.0, \""std\"": 0.10634491696123036}, \""over_served_group_penalty\"": {\""constant\"": true, \""count\"": 3753, \""max\"": 0.0, \""mean\"": 0.0, \""min\"": 0.0, \""std\"": 0.0}, \""parity_adjusted_score\"": {\""constant\"": false, \""count\"": 3753, \""max\"": 8.68916384535057, \""mean\"": 1.5586961372740304, \""min\"": 0.036195602830225736, \""std\"": 1.6381271314810268}, \""protected_group_coverage_bonus\"": {\""constant\"": true, \""count\"": 3753, \""max\"": 0.0, \""mean\"": 0.0, \""min\"": 0.0, \""std\"": 0.0}, \""ris_score\"": {\""constant\"": false, \""count\"": 3753, \""max\"": 1.0, \""mean\"": 0.037037037037037035, \""min\"": 0.0, \""std\"": 0.14075266052430918}, \""spread_proxy_score\"": {\""constant\"": false, \""count\"": 3753, \""max\"": 1.0, \""mean\"": 0.021371630484043374, \""min\"": 0.0, \""std\"": 0.04264050666543153}, \""under_served_group_bonus\"": {\""constant\"": true, \""count\"": 3753, \""max\"": 0.0, \""mean\"": 0.0, \""min\"": 0.0, \""std\"": 0.0}, \""weak_group_bonus\"": {\""constant\"": false, \""count\"": 3753, \""max\"": 1.0, \""mean\"": 0.29030626812644966, \""min\"": 0.0, \""std\"": 0.3761251735502992}}"", ""score_normalization"": ""per_group"", ""score_table_path"": ""C:\\Users\\User\\Desktop\\VKU-Internship-2026\\results\\clustering_kmeans_diagnostic_only\\runs\\seed_42\\budget_120\\color\\twitter\\color\\twitter_graphsage_community_ea_memetic_combined_candidate_scores.csv"", ""seed_cluster_counts_json"": ""{}"", ""smallest_cluster_size"": 1, ""smallest_community_size"": 2, ""smallest_group_size"": 186, ""spread_estimator_final"": ""monte_carlo"", ""spread_estimator_search"": ""fairness_aware_ris"", ""stack_name"": ""graphsage_community_ea_memetic"", ""time_community_detection"": 0.06921429999965767, ""under_served_bonus_weight"": 1.5, ""use_cluster_diversity_bonus"": false, ""use_clustering_features"": true, ""use_dcv_first_swap_acceptance"": false, ""use_dcv_parity_repair"": false, ""use_dcv_targeting"": false, ""use_fair_ris"": true, ""use_over_served_group_penalty"": false, ""use_ris"": true}",False,"{""cluster_coverage_bonus"": {""constant"": true, ""count"": 3753, ""max"": 0.0, ""mean"": 0.0, ""min"": 0.0, ""std"": 0.0}, ""cluster_diversity_bonus"": {""constant"": true, ""count"": 3753, ""max"": 0.0, ""mean"": 0.0, ""min"": 0.0, ""std"": 0.0}, ""combined_score"": {""constant"": false, ""count"": 3753, ""max"": 8.68916384535057, ""mean"": 1.5586961372740304, ""min"": 0.036195602830225736, ""std"": 1.6381271314810268}, ""community_diversity_bonus"": {""constant"": false, ""count"": 3753, ""max"": 1.0, ""mean"": 0.035973135367304246, ""min"": 0.0, ""std"": 0.07379084604023162}, ""fair_ris_score"": {""constant"": false, ""count"": 3753, ""max"": 1.0, ""mean"": 0.03685082670944603, ""min"": 0.0, ""std"": 0.1408174658369091}, ""fairness_bonus"": {""constant"": false, ""count"": 3753, ""max"": 1.0, ""mean"": 0.29030626812644966, ""min"": 0.0, ""std"": 0.3761251735502992}, ""ml_score"": {""constant"": false, ""count"": 3753, ""max"": 1.0, ""mean"": 0.49624101255319264, ""min"": 0.0, ""std"": 0.10634491696123036}, ""over_served_group_penalty"": {""constant"": true, ""count"": 3753, ""max"": 0.0, ""mean"": 0.0, ""min"": 0.0, ""std"": 0.0}, ""parity_adjusted_score"": {""constant"": false, ""count"": 3753, ""max"": 8.68916384535057, ""mean"": 1.5586961372740304, ""min"": 0.036195602830225736, ""std"": 1.6381271314810268}, ""protected_group_coverage_bonus"": {""constant"": true, ""count"": 3753, ""max"": 0.0, ""mean"": 0.0, ""min"": 0.0, ""std"": 0.0}, ""ris_score"": {""constant"": false, ""count"": 3753, ""max"": 1.0, ""mean"": 0.037037037037037035, ""min"": 0.0, ""std"": 0.14075266052430918}, ""spread_proxy_score"": {""constant"": false, ""count"": 3753, ""max"": 1.0, ""mean"": 0.021371630484043374, ""min"": 0.0, ""std"": 0.04264050666543153}, ""under_served_group_bonus"": {""constant"": true, ""count"": 3753, ""max"": 0.0, ""mean"": 0.0, ""min"": 0.0, ""std"": 0.0}, ""weak_group_bonus"": {""constant"": false, ""count"": 3753, ""max"": 1.0, ""mean"": 0.29030626812644966, ""min"": 0.0, ""std"": 0.3761251735502992}}","[""cluster_coverage_bonus"", ""cluster_diversity_bonus"", ""protected_group_coverage_bonus"", ""under_served_group_bonus"", ""over_served_group_penalty""]",main_method=true; ml_guided_only=true; ea_memetic=true; fair_ris_explicit=true; communities=118; modularity=0.655835; embedding_cache=hit; target=label_score; backend=gnn; candidate_pool=500; validation_spearman=-0.0351; validation_precision_at_budget=0.1083; clusters=100; clustering_input_mode=embedding; Search objective used Fair RIS; final metrics reported by Monte Carlo.; history=twitter_graphsage_community_ea_memetic_history.csv,,,42
node2vec_xgboost_community_ea_memetic,node2vec_xgboost_community_ea_memetic,ml_guided_community_siea,node2vec_xgboost_community_ea_memetic,ok,twitter,color,120,ic,professor_priority,leiden,graph,none,none,100.0,"{""0"": 156, ""1"": 2145, ""2"": 155, ""3"": 17, ""4"": 2, ""5"": 44, ""6"": 40, ""7"": 136, ""8"": 3, ""9"": 17, ""10"": 211, ""11"": 5, ""12"": 30, ""13"": 2, ""14"": 14, ""15"": 72, ""16"": 4, ""17"": 59, ""18"": 18, ""19"": 51, ""20"": 30, ""21"": 1, ""22"": 96, ""23"": 5, ""24"": 3, ""25"": 11, ""26"": 15, ""27"": 3, ""28"": 23, ""29"": 42, ""30"": 23, ""31"": 42, ""32"": 19, ""33"": 1, ""34"": 29, ""35"": 1, ""36"": 23, ""37"": 5, ""38"": 1, ""39"": 2, ""40"": 10, ""41"": 2, ""42"": 10, ""43"": 1, ""44"": 4, ""45"": 3, ""46"": 1, ""47"": 1, ""48"": 4, ""49"": 1, ""50"": 34, ""51"": 1, ""52"": 3, ""53"": 1, ""54"": 1, ""55"": 3, ""56"": 3, ""57"": 1, ""58"": 1, ""59"": 3, ""60"": 3, ""61"": 4, ""62"": 1, ""63"": 4, ""64"": 1, ""65"": 1, ""66"": 3, ""67"": 4, ""68"": 4, ""69"": 3, ""70"": 9, ""71"": 13, ""72"": 1, ""73"": 1, ""74"": 1, ""75"": 1, ""76"": 1, ""77"": 3, ""78"": 8, ""79"": 6, ""80"": 1, ""81"": 3, ""82"": 5, ""83"": 1, ""84"": 1, ""85"": 8, ""86"": 1, ""87"": 1, ""88"": 2, ""89"": 1, ""90"": 3, ""91"": 1, ""92"": 2, ""93"": 1, ""94"": 1, ""95"": 1, ""96"": 1, ""97"": 1, ""98"": 1, ""99"": 1}","{""1"": 86, ""22"": 4, ""2"": 4, ""33"": 1, ""10"": 8, ""15"": 3, ""63"": 1, ""0"": 4, ""40"": 1, ""42"": 1, ""6"": 2, ""25"": 1, ""78"": 1, ""71"": 1, ""20"": 1, ""19"": 1}",16.0,0.16,0.7166666666666667,1.0,2145.0,0.3,True,False,False,False,node2vec,xgboost,evolutionary_memetic,ml_guided,Node2Vec,XGBoost node scorer,Leiden,K-Means,Independent Cascade,Fair Reverse Influence Sampling / Fair RIS,weak_group_weighted,F-score fairness / influence objective,evolutionary_memetic,Fairness-first repair,Local Search,Monte Carlo simulation,Professor-priority ranking,False,True,none,f_score,fairness_aware_ris,monte_carlo,fairness_aware_ris,monte_carlo,ris_guidance,fair_ris_guidance,monte_carlo,embedding+ranking+evolutionary_memetic,ml_guided,"[10284152, 10651272, 11763862, 12081592, 12149902, 12327342, 13501922, 13654112, 14062948, 14155739, 14245571, 14269768, 14305154, 14315043, 14333927, 14420451, 14460783, 14479592, 14527485, 14727321, 14767753, 14825622, 14852216, 14858006, 14932486, 15070780, 15145142, 15194724, 15357283, 15422070, 15439239, 15592537, 15730606, 15791939, 15798850, 16045488, 16054649, 16078680, 16152223, 16158546, 16254381, 16380856, 16394063, 16575742, 16586626, 16796298, 16986733, 17275103, 18014005, 18033114, 18166634, 18183543, 18211716, 18229692, 18301693, 18398842, 18405034, 18444724, 18660521, 18725918, 18882655, 18983688, 19087305, 19202226, 19401409, 19444649, 19461979, 19860841, 20077017, 20183009, 20708884, 20734423, 20745227, 21395752, 21463619, 21488707, 21491565, 21706932, 22026974, 22299209, 22606755, 22975077, 23134293, 23626294, 23769455, 24222115, 24876633, 24987071, 25671752, 25681991, 26061739, 26478351, 2789161, 28840182, 29103015, 29308780, 29461507, 29591647, 29941073, 30063657, 3267891, 33354383, 35444343, 37289924, 37609530, 37750797, 38058345, 38555777, 38843284, 40732805, 42149443, 5699042, 5771302, 6750102, 7594962, 799192, 8053532, 8414602, 8521542, 9909562]",125.04666666666667,5.046666666666667,0.0323440065681445,0.0187519512491789,0.0067960276594828,0.0323440065681445,0.0187519512491789,0.0067960276594828,141.50059280000096,141.33239499999945,0.16819780000150786,0.011011600000529143,1.2575825000003533,0.3887137999990955,0.02046899999913876,0.0433999999986554,0.0433999999986554,0.41172530001495034,0.0,0.16819780000150786,0.41172530001495034,3.332039500000974,133.0503675,,,0.16819780000150786,0.452139,"{""candidate_scoring"": 3.332039500000974, ""community_detection"": 0.3887137999990955, ""dataset_loading"": 0.011011600000529143, ""embedding_generation"": 0.02046899999913876, ""final_mc_evaluation"": 0.16819780000150786, ""mc_search_evaluation"": 0.0, ""preprocessing"": 1.2575825000003533, ""repair"": null, ""reporting"": null, ""ris_rr-set_generation"": 0.0433999999986554, ""ris_search_evaluation"": 0.41172530001495034, ""rr-set_generation"": 0.0433999999986554, ""search_objective_total"": 0.41172530001495034, ""siea_optimization"": 133.0503675, ""swap_local_search"": null, ""total_runtime"": 141.50059280000096}",auto,True,500,True,True,True,weak_group_weighted,128,256,True,258,0.14075266052430918,258,0.1408174658369091,True,True,True,True,,False,C:\Users\User\Desktop\VKU-Internship-2026\results\clustering_kmeans_diagnostic_only\runs\seed_42\budget_120\color\twitter\color\twitter_node2vec_xgboost_community_ea_memetic_ris_weak_group_weighted_rr256_cache.pkl,0.0433999999986554,256,256,0,0,3991,1,0.14764381436298193,0.0067960276594828,1475.6453997276794,125.04666666666667,False,0,,,,,True,True,0,1.0,0,pass,,"{""0"": 25, ""1"": 86, ""2"": 9}","{'0': 812, '1': 2755, '2': 186}",120,120,0,"{""0"": 25, ""1"": 86, ""2"": 9}","{""0"": 7, ""1"": 14, ""10"": 19, ""104"": 1, ""110"": 1, ""13"": 1, ""14"": 1, ""16"": 1, ""17"": 3, ""18"": 2, ""19"": 15, ""2"": 9, ""20"": 1, ""22"": 6, ""24"": 5, ""25"": 1, ""27"": 8, ""29"": 8, ""3"": 1, ""35"": 1, ""38"": 2, ""4"": 6, ""5"": 1, ""7"": 1, ""78"": 1, ""8"": 1, ""9"": 3}",27,0.15833333333333333,9,86,14.811827956989248,"{'0': 25.963229416466827, '1': 88.08952837729817, '2': 5.947242206235012}","{'0': 26.263333333333332, '1': 89.31666666666666, '2': 9.466666666666667}","{'0': 0.0323440065681445, '1': 0.032419842710223835, '2': 0.05089605734767025}",0.03855330220867953,0.024685510277981444,0.00022851828219184553,['2'],"['0', '1']","{""0"": 26.263333333333332, ""1"": 89.31666666666666, ""2"": 9.466666666666667}","{""0"": 0.0323440065681445, ""1"": 0.032419842710223835, ""2"": 0.05089605734767025}",0,2,0,2,,2.0,True,auto,,,,,per_group,"{'0': 120, '1': 260, '2': 120}",120.0,"{'0': 0, '1': 0, '2': 0}",True,Budget may be too small for stable fairness on this graph. Reasons: protected-group imbalance ratio above warning threshold,"{'0': 36, '1': 67, '2': 17}","{'0': 16, '1': 16, '2': 16}",2088.0,2088.0,0.0,"{'0': 22, '1': 67, '2': 31}","{'0': 22, '1': 69, '2': 29}",40.0,0.0,40.0,40.0,0.0,0.0,0.0,0.0,0.0,,,0,0,[],0.9,0.25,True,0.25,light,40.0,0.0,0.0,0.0,0.0,0.0,134.0,13.0,0.25382485000434013,2.0,2.7659675913703756,"{""accepted_dcv_improvement_swaps"": 0, ""accepted_fscore_swaps"": 0, ""accepted_mf_dcv_moves"": 0, ""accepted_spread_safe_swaps"": 0, ""best_generation"": 2, ""candidate_pool_size"": 500, ""crossover_rate"": 0.9, ""dcv_after_parity_repair_estimated"": null, ""dcv_before_parity_repair"": null, ""diversity_score"": 0.25382485000434013, ""duplicate_repairs"": 0, ""final_fitness"": 2.7659675913703756, ""generations"": 10, ""initial_population_size"": 16, ""local_search_attempts"": 40, ""local_search_enabled"": true, ""local_search_improvements"": 0, ""local_search_intensity"": ""light"", ""local_search_top_elites"": 0.25, ""mutation_rate"": 0.25, ""optimizer_mode"": ""evolutionary_memetic"", ""parity_repair_attempts"": 0, ""parity_repair_successes"": 0, ""rejected_dcv_worsening_swaps"": 0, ""rejected_fairness_drops"": 40, ""repair_attempts"": 2088, ""successful_swaps"": 0, ""swap_attempts"": 40, ""weak_group_repairs"": 2088}",20,300,16,10,diffusion=ic | community=leiden | embedding=node2vec | clustering=none | clustering_input_mode=none | ranking=xgboost | optimizer=evolutionary_memetic | debias_mode=none | search_estimator=fairness_aware_ris | final_estimator=monte_carlo | fair_ris=True,True,basic,False,0.4,0.5,4.0,1.0,4.0,0.8,4.0,0.2,True,True,balanced,xgboost,1044.0,0.0,"{""0"": 7, ""1"": 14, ""10"": 19, ""104"": 1, ""110"": 1, ""13"": 1, ""14"": 1, ""16"": 1, ""17"": 3, ""18"": 2, ""19"": 15, ""2"": 9, ""20"": 1, ""22"": 6, ""24"": 5, ""25"": 1, ""27"": 8, ""29"": 8, ""3"": 1, ""35"": 1, ""38"": 2, ""4"": 6, ""5"": 1, ""7"": 1, ""78"": 1, ""8"": 1, ""9"": 3}","{""0"": 7, ""1"": 14, ""10"": 19, ""104"": 1, ""110"": 1, ""13"": 1, ""14"": 1, ""16"": 1, ""17"": 3, ""18"": 2, ""19"": 15, ""2"": 9, ""20"": 1, ""22"": 6, ""24"": 5, ""25"": 1, ""27"": 8, ""29"": 8, ""3"": 1, ""35"": 1, ""38"": 2, ""4"": 6, ""5"": 1, ""7"": 1, ""78"": 1, ""8"": 1, ""9"": 3}",0.2288135593220339,"{""0"": 25, ""1"": 86, ""2"": 9}",118,0.655834799478443,C:\Users\User\Desktop\VKU-Internship-2026\results\clustering_kmeans_diagnostic_only\runs\seed_42\budget_120\color\twitter\color\twitter_node2vec_xgboost_community_ea_memetic_combined_candidate_scores.csv,C:\Users\User\Desktop\VKU-Internship-2026\results\clustering_kmeans_diagnostic_only\runs\seed_42\budget_120\color\twitter\embeddings\twitter_node2vec_embeddings.pkl,hit,miss,miss,miss,548.0,132266.0,4.0,C:\Users\User\Desktop\VKU-Internship-2026\results\clustering_kmeans_diagnostic_only\runs\seed_42\budget_120\color\twitter\color\twitter_node2vec_xgboost_community_ea_memetic_leiden_community_assignments.csv,C:\Users\User\Desktop\VKU-Internship-2026\results\clustering_kmeans_diagnostic_only\runs\seed_42\budget_120\color\twitter\color\twitter_node2vec_xgboost_community_ea_memetic_leiden_community_sizes.csv,C:\Users\User\Desktop\VKU-Internship-2026\results\clustering_kmeans_diagnostic_only\runs\seed_42\budget_120\color\twitter\color\twitter_node2vec_xgboost_community_ea_memetic_diagnostics.json,"{""adaptive_fairness_multiplier"": 2.0, ""all_candidate_score_components_constant"": false, ""budget"": 120, ""budget_adequacy_warning"": ""Budget may be too small for stable fairness on this graph. Reasons: protected-group imbalance ratio above warning threshold"", ""budget_per_group_estimate"": {""0"": 25.963229416466827, ""1"": 88.08952837729817, ""2"": 5.947242206235012}, ""cluster_balance_enabled"": false, ""cluster_coverage_ratio"": 0.0, ""cluster_diversity_weight"": 0.3, ""cluster_repair_enabled"": false, ""cluster_sizes_json"": ""{\""0\"": 156, \""1\"": 2145, \""2\"": 155, \""3\"": 17, \""4\"": 2, \""5\"": 44, \""6\"": 40, \""7\"": 136, \""8\"": 3, \""9\"": 17, \""10\"": 211, \""11\"": 5, \""12\"": 30, \""13\"": 2, \""14\"": 14, \""15\"": 72, \""16\"": 4, \""17\"": 59, \""18\"": 18, \""19\"": 51, \""20\"": 30, \""21\"": 1, \""22\"": 96, \""23\"": 5, \""24\"": 3, \""25\"": 11, \""26\"": 15, \""27\"": 3, \""28\"": 23, \""29\"": 42, \""30\"": 23, \""31\"": 42, \""32\"": 19, \""33\"": 1, \""34\"": 29, \""35\"": 1, \""36\"": 23, \""37\"": 5, \""38\"": 1, \""39\"": 2, \""40\"": 10, \""41\"": 2, \""42\"": 10, \""43\"": 1, \""44\"": 4, \""45\"": 3, \""46\"": 1, \""47\"": 1, \""48\"": 4, \""49\"": 1, \""50\"": 34, \""51\"": 1, \""52\"": 3, \""53\"": 1, \""54\"": 1, \""55\"": 3, \""56\"": 3, \""57\"": 1, \""58\"": 1, \""59\"": 3, \""60\"": 3, \""61\"": 4, \""62\"": 1, \""63\"": 4, \""64\"": 1, \""65\"": 1, \""66\"": 3, \""67\"": 4, \""68\"": 4, \""69\"": 3, \""70\"": 9, \""71\"": 13, \""72\"": 1, \""73\"": 1, \""74\"": 1, \""75\"": 1, \""76\"": 1, \""77\"": 3, \""78\"": 8, \""79\"": 6, \""80\"": 1, \""81\"": 3, \""82\"": 5, \""83\"": 1, \""84\"": 1, \""85\"": 8, \""86\"": 1, \""87\"": 1, \""88\"": 2, \""89\"": 1, \""90\"": 3, \""91\"": 1, \""92\"": 2, \""93\"": 1, \""94\"": 1, \""95\"": 1, \""96\"": 1, \""97\"": 1, \""98\"": 1, \""99\"": 1}"", ""clustering_skip_reason"": ""clustering_input_mode=embedding"", ""clusters_covered"": 0, ""constant_components"": {""cluster_coverage_bonus"": true, ""cluster_diversity_bonus"": true, ""combined_score"": false, ""community_diversity_bonus"": false, ""fair_ris_score"": false, ""fairness_bonus"": false, ""ml_score"": false, ""over_served_group_penalty"": true, ""parity_adjusted_score"": false, ""protected_group_coverage_bonus"": true, ""ris_score"": false, ""spread_proxy_score"": false, ""under_served_group_bonus"": true, ""weak_group_bonus"": false}, ""constant_score_components"": ""[\""cluster_coverage_bonus\"", \""cluster_diversity_bonus\"", \""protected_group_coverage_bonus\"", \""under_served_group_bonus\"", \""over_served_group_penalty\""]"", ""dataset"": ""twitter"", ""dcv_target_weight"": 3.0, ""diagnostics_path"": ""C:\\Users\\User\\Desktop\\VKU-Internship-2026\\results\\clustering_kmeans_diagnostic_only\\runs\\seed_42\\budget_120\\color\\twitter\\color\\twitter_node2vec_xgboost_community_ea_memetic_diagnostics.json"", ""effective_ris_num_rr_sets"": 256, ""fair_ris_enabled"": true, ""force_ris_for_all_stacks"": true, ""imbalance_ratio"": 14.811827956989248, ""large_imbalance_fairness_active"": true, ""large_imbalance_fairness_mode"": ""auto"", ""largest_cluster_seed_fraction"": 0.0, ""largest_cluster_size"": 2145, ""largest_community_size"": 442, ""largest_group_size"": 2755, ""num_clusters"": 100, ""num_communities"": 118, ""num_edges"": 13986, ""num_nodes"": 3753, ""over_served_penalty_weight"": 2.0, ""parity_error_weight"": 2.0, ""parity_tolerance"": 0.005, ""protected_attribute"": ""color"", ""protected_group_counts"": {""0"": 812, ""1"": 2755, ""2"": 186}, ""require_ris"": true, ""ris_mode"": ""weak_group_weighted"", ""ris_num_rr_sets"": 128, ""ris_reuse_rr_sets"": true, ""score_component_stats_json"": ""{\""cluster_coverage_bonus\"": {\""constant\"": true, \""count\"": 3753, \""max\"": 0.0, \""mean\"": 0.0, \""min\"": 0.0, \""std\"": 0.0}, \""cluster_diversity_bonus\"": {\""constant\"": true, \""count\"": 3753, \""max\"": 0.0, \""mean\"": 0.0, \""min\"": 0.0, \""std\"": 0.0}, \""combined_score\"": {\""constant\"": false, \""count\"": 3753, \""max\"": 8.900514038739631, \""mean\"": 1.364458045099412, \""min\"": 0.0, \""std\"": 1.644826584204464}, \""community_diversity_bonus\"": {\""constant\"": false, \""count\"": 3753, \""max\"": 1.0, \""mean\"": 0.035973135367304246, \""min\"": 0.0, \""std\"": 0.07379084604023162}, \""fair_ris_score\"": {\""constant\"": false, \""count\"": 3753, \""max\"": 1.0, \""mean\"": 0.03685082670944603, \""min\"": 0.0, \""std\"": 0.1408174658369091}, \""fairness_bonus\"": {\""constant\"": false, \""count\"": 3753, \""max\"": 1.0, \""mean\"": 0.29030626812644966, \""min\"": 0.0, \""std\"": 0.3761251735502992}, \""ml_score\"": {\""constant\"": false, \""count\"": 3753, \""max\"": 1.0, \""mean\"": 0.010645782116646832, \""min\"": 0.0, \""std\"": 0.0757386425094972}, \""over_served_group_penalty\"": {\""constant\"": true, \""count\"": 3753, \""max\"": 0.0, \""mean\"": 0.0, \""min\"": 0.0, \""std\"": 0.0}, \""parity_adjusted_score\"": {\""constant\"": false, \""count\"": 3753, \""max\"": 8.900514038739631, \""mean\"": 1.364458045099412, \""min\"": 0.0, \""std\"": 1.644826584204464}, \""protected_group_coverage_bonus\"": {\""constant\"": true, \""count\"": 3753, \""max\"": 0.0, \""mean\"": 0.0, \""min\"": 0.0, \""std\"": 0.0}, \""ris_score\"": {\""constant\"": false, \""count\"": 3753, \""max\"": 1.0, \""mean\"": 0.037037037037037035, \""min\"": 0.0, \""std\"": 0.14075266052430918}, \""spread_proxy_score\"": {\""constant\"": false, \""count\"": 3753, \""max\"": 1.0, \""mean\"": 0.021371630484043374, \""min\"": 0.0, \""std\"": 0.04264050666543153}, \""under_served_group_bonus\"": {\""constant\"": true, \""count\"": 3753, \""max\"": 0.0, \""mean\"": 0.0, \""min\"": 0.0, \""std\"": 0.0}, \""weak_group_bonus\"": {\""constant\"": false, \""count\"": 3753, \""max\"": 1.0, \""mean\"": 0.29030626812644966, \""min\"": 0.0, \""std\"": 0.3761251735502992}}"", ""score_normalization"": ""per_group"", ""score_table_path"": ""C:\\Users\\User\\Desktop\\VKU-Internship-2026\\results\\clustering_kmeans_diagnostic_only\\runs\\seed_42\\budget_120\\color\\twitter\\color\\twitter_node2vec_xgboost_community_ea_memetic_combined_candidate_scores.csv"", ""seed_cluster_counts_json"": ""{}"", ""smallest_cluster_size"": 1, ""smallest_community_size"": 2, ""smallest_group_size"": 186, ""spread_estimator_final"": ""monte_carlo"", ""spread_estimator_search"": ""fairness_aware_ris"", ""stack_name"": ""node2vec_xgboost_community_ea_memetic"", ""time_community_detection"": 0.07361900000069, ""under_served_bonus_weight"": 1.5, ""use_cluster_diversity_bonus"": false, ""use_clustering_features"": true, ""use_dcv_first_swap_acceptance"": false, ""use_dcv_parity_repair"": false, ""use_dcv_targeting"": false, ""use_fair_ris"": true, ""use_over_served_group_penalty"": false, ""use_ris"": true}",False,"{""cluster_coverage_bonus"": {""constant"": true, ""count"": 3753, ""max"": 0.0, ""mean"": 0.0, ""min"": 0.0, ""std"": 0.0}, ""cluster_diversity_bonus"": {""constant"": true, ""count"": 3753, ""max"": 0.0, ""mean"": 0.0, ""min"": 0.0, ""std"": 0.0}, ""combined_score"": {""constant"": false, ""count"": 3753, ""max"": 8.900514038739631, ""mean"": 1.364458045099412, ""min"": 0.0, ""std"": 1.644826584204464}, ""community_diversity_bonus"": {""constant"": false, ""count"": 3753, ""max"": 1.0, ""mean"": 0.035973135367304246, ""min"": 0.0, ""std"": 0.07379084604023162}, ""fair_ris_score"": {""constant"": false, ""count"": 3753, ""max"": 1.0, ""mean"": 0.03685082670944603, ""min"": 0.0, ""std"": 0.1408174658369091}, ""fairness_bonus"": {""constant"": false, ""count"": 3753, ""max"": 1.0, ""mean"": 0.29030626812644966, ""min"": 0.0, ""std"": 0.3761251735502992}, ""ml_score"": {""constant"": false, ""count"": 3753, ""max"": 1.0, ""mean"": 0.010645782116646832, ""min"": 0.0, ""std"": 0.0757386425094972}, ""over_served_group_penalty"": {""constant"": true, ""count"": 3753, ""max"": 0.0, ""mean"": 0.0, ""min"": 0.0, ""std"": 0.0}, ""parity_adjusted_score"": {""constant"": false, ""count"": 3753, ""max"": 8.900514038739631, ""mean"": 1.364458045099412, ""min"": 0.0, ""std"": 1.644826584204464}, ""protected_group_coverage_bonus"": {""constant"": true, ""count"": 3753, ""max"": 0.0, ""mean"": 0.0, ""min"": 0.0, ""std"": 0.0}, ""ris_score"": {""constant"": false, ""count"": 3753, ""max"": 1.0, ""mean"": 0.037037037037037035, ""min"": 0.0, ""std"": 0.14075266052430918}, ""spread_proxy_score"": {""constant"": false, ""count"": 3753, ""max"": 1.0, ""mean"": 0.021371630484043374, ""min"": 0.0, ""std"": 0.04264050666543153}, ""under_served_group_bonus"": {""constant"": true, ""count"": 3753, ""max"": 0.0, ""mean"": 0.0, ""min"": 0.0, ""std"": 0.0}, ""weak_group_bonus"": {""constant"": false, ""count"": 3753, ""max"": 1.0, ""mean"": 0.29030626812644966, ""min"": 0.0, ""std"": 0.3761251735502992}}","[""cluster_coverage_bonus"", ""cluster_diversity_bonus"", ""protected_group_coverage_bonus"", ""under_served_group_bonus"", ""over_served_group_penalty""]",main_method=true; lightweight_quality_runtime=true; ml_guided_only=true; ea_memetic=true; fair_ris_explicit=true; communities=118; modularity=0.655835; embedding_cache=hit; target=label_score; backend=tabular; candidate_pool=500; validation_spearman=0.9997; validation_precision_at_budget=1.0000; clusters=100; clustering_input_mode=embedding; Search objective used Fair RIS; final metrics reported by Monte Carlo.; history=twitter_node2vec_xgboost_community_ea_memetic_history.csv,,,42
gcn_community_ea_memetic,gcn_community_ea_memetic,ml_guided_community_siea,gcn_community_ea_memetic,ok,twitter,color,120,ic,professor_priority,leiden,graph,none,none,100.0,"{""0"": 34, ""1"": 20, ""2"": 55, ""3"": 51, ""4"": 36, ""5"": 105, ""6"": 88, ""7"": 70, ""8"": 7, ""9"": 39, ""10"": 6, ""11"": 80, ""12"": 70, ""13"": 155, ""14"": 40, ""15"": 102, ""16"": 37, ""17"": 53, ""18"": 59, ""19"": 50, ""20"": 25, ""21"": 75, ""22"": 35, ""23"": 9, ""24"": 154, ""25"": 37, ""26"": 14, ""27"": 22, ""28"": 71, ""29"": 43, ""30"": 123, ""31"": 24, ""32"": 13, ""33"": 133, ""34"": 22, ""35"": 163, ""36"": 72, ""37"": 19, ""38"": 46, ""39"": 82, ""40"": 12, ""41"": 35, ""42"": 22, ""43"": 78, ""44"": 29, ""45"": 13, ""46"": 22, ""47"": 56, ""48"": 35, ""49"": 3, ""50"": 59, ""51"": 28, ""52"": 68, ""53"": 85, ""54"": 51, ""55"": 69, ""56"": 57, ""57"": 52, ""58"": 3, ""59"": 35, ""60"": 91, ""61"": 29, ""62"": 34, ""63"": 37, ""64"": 5, ""65"": 61, ""66"": 9, ""67"": 7, ""68"": 8, ""69"": 24, ""70"": 41, ""71"": 26, ""72"": 22, ""73"": 20, ""74"": 22, ""75"": 2, ""76"": 8, ""77"": 26, ""78"": 9, ""79"": 5, ""80"": 5, ""81"": 14, ""82"": 11, ""83"": 8, ""84"": 19, ""85"": 2, ""86"": 8, ""87"": 21, ""88"": 5, ""89"": 2, ""90"": 3, ""91"": 1, ""92"": 1, ""93"": 4, ""94"": 1, ""95"": 4, ""96"": 4, ""97"": 1, ""98"": 1, ""99"": 1}","{""18"": 4, ""28"": 2, ""47"": 2, ""43"": 6, ""22"": 2, ""67"": 1, ""19"": 2, ""71"": 2, ""25"": 2, ""31"": 1, ""52"": 2, ""57"": 1, ""36"": 5, ""2"": 2, ""15"": 2, ""11"": 6, ""34"": 2, ""63"": 5, ""51"": 1, ""1"": 2, ""59"": 1, ""37"": 1, ""17"": 4, ""61"": 2, ""35"": 4, ""69"": 1, ""76"": 1, ""16"": 2, ""7"": 1, ""30"": 6, ""84"": 1, ""56"": 1, ""5"": 4, ""32"": 1, ""42"": 1, ""12"": 3, ""9"": 1, ""14"": 1, ""81"": 1, ""44"": 1, ""53"": 2, ""24"": 3, ""29"": 1, ""60"": 3, ""20"": 1, ""50"": 2, ""82"": 1, ""87"": 1, ""55"": 1, ""13"": 2, ""33"": 2, ""74"": 1, ""65"": 1, ""62"": 1, ""40"": 1, ""86"": 1, ""72"": 1, ""41"": 1, ""38"": 1, ""77"": 1, ""54"": 1, ""4"": 1}",62.0,0.62,0.03333333333333333,1.0,163.0,0.3,True,False,False,False,gcn,gcn,evolutionary_memetic,ml_guided,Graph Convolutional Network,GCN + Fair RIS scoring,Leiden,K-Means,Independent Cascade,Fair Reverse Influence Sampling / Fair RIS,weak_group_weighted,F-score fairness / influence objective,evolutionary_memetic,Fairness-first repair,Local Search,Monte Carlo simulation,Professor-priority ranking,False,True,none,f_score,fairness_aware_ris,monte_carlo,fairness_aware_ris,monte_carlo,ris_guidance,fair_ris_guidance,monte_carlo,embedding+ranking+evolutionary_memetic,ml_guided,"[10284152, 10651272, 11763862, 12149902, 13501922, 13654112, 14062948, 14069593, 14245571, 14268324, 14269768, 14305154, 14307465, 1431301, 14315043, 14350969, 14420451, 14479592, 14527485, 14727321, 14767753, 14770241, 14825622, 14852216, 14858006, 15070780, 15093092, 15145142, 15194724, 15357283, 15422070, 15439239, 15730606, 15791939, 16045488, 16054649, 16152223, 16158546, 16254381, 16269833, 16380856, 16394063, 16395784, 16410966, 16586626, 16945563, 16986733, 17275103, 17357985, 18033114, 18166634, 18183543, 18211716, 18229692, 18301693, 18398842, 18405034, 18444724, 18470677, 18660521, 18725918, 18726713, 18882655, 18983688, 19087305, 19401409, 19444649, 19461979, 19860841, 20077017, 20693960, 20734423, 21395752, 21488707, 21491565, 21702193, 21706932, 21841080, 22026974, 22299209, 22606755, 22975077, 23134293, 23626294, 24222115, 24876633, 24987071, 25671752, 25681991, 26061739, 26478351, 2789161, 28840182, 29103015, 29308780, 29461507, 29591647, 29941073, 30063657, 31237866, 3267891, 33354383, 35444343, 37289924, 37609530, 37750797, 38058345, 38555777, 39080527, 40732805, 43666495, 5699042, 5771302, 6750102, 7594962, 799192, 8053532, 8414602, 8521542, 9909562]",125.38333333333334,5.38333333333334,0.032085904416212944,0.020546852125753686,0.005769526145229629,0.032085904416212944,0.020546852125753686,0.005769526145229629,141.07628730000033,140.9047814000005,0.17150589999982913,0.011011600000529143,1.1049175999996805,0.33043370000086725,0.020127000001593842,0.036498800000117626,0.036498800000117626,0.3844266999858519,0.0,0.17150589999982913,0.3844266999858519,2.548066599998492,134.2322998999989,,,0.17150589999982913,0.452139,"{""candidate_scoring"": 2.548066599998492, ""community_detection"": 0.33043370000086725, ""dataset_loading"": 0.011011600000529143, ""embedding_generation"": 0.020127000001593842, ""final_mc_evaluation"": 0.17150589999982913, ""mc_search_evaluation"": 0.0, ""preprocessing"": 1.1049175999996805, ""repair"": null, ""reporting"": null, ""ris_rr-set_generation"": 0.036498800000117626, ""ris_search_evaluation"": 0.3844266999858519, ""rr-set_generation"": 0.036498800000117626, ""search_objective_total"": 0.3844266999858519, ""siea_optimization"": 134.2322998999989, ""swap_local_search"": null, ""total_runtime"": 141.07628730000033}",auto,True,500,True,True,True,weak_group_weighted,128,256,True,258,0.14075266052430918,258,0.1408174658369091,True,True,True,True,,False,C:\Users\User\Desktop\VKU-Internship-2026\results\clustering_kmeans_diagnostic_only\runs\seed_42\budget_120\color\twitter\color\twitter_gcn_community_ea_memetic_ris_weak_group_weighted_rr256_cache.pkl,0.036498800000117626,256,256,0,0,3958,1,0.15289276933476795,0.005769526145229629,1519.3682163003305,125.38333333333334,False,0,,,,,True,True,0,1.0,0,pass,,"{""0"": 25, ""1"": 85, ""2"": 10}","{'0': 812, '1': 2755, '2': 186}",120,120,0,"{""0"": 25, ""1"": 85, ""2"": 10}","{""0"": 7, ""1"": 18, ""10"": 21, ""104"": 1, ""110"": 1, ""13"": 1, ""17"": 3, ""18"": 2, ""19"": 16, ""2"": 6, ""20"": 1, ""22"": 6, ""24"": 5, ""27"": 5, ""29"": 6, ""3"": 1, ""35"": 2, ""38"": 2, ""4"": 6, ""5"": 1, ""7"": 1, ""78"": 1, ""8"": 2, ""9"": 5}",24,0.175,10,85,14.811827956989248,"{'0': 25.963229416466827, '1': 88.08952837729817, '2': 5.947242206235012}","{'0': 26.53, '1': 88.39666666666666, '2': 10.456666666666667}","{'0': 0.03267241379310345, '1': 0.032085904416212944, '2': 0.05621863799283154}",0.040325652067382645,0.03178597185089779,0.0003790524990643653,['2'],"['0', '1']","{""0"": 26.53, ""1"": 88.39666666666666, ""2"": 10.456666666666667}","{""0"": 0.03267241379310345, ""1"": 0.032085904416212944, ""2"": 0.05621863799283154}",1,2,1,2,,2.0,True,auto,,,,,per_group,"{'0': 120, '1': 260, '2': 120}",120.0,"{'0': 0, '1': 0, '2': 0}",True,Budget may be too small for stable fairness on this graph. Reasons: protected-group imbalance ratio above warning threshold,"{'0': 36, '1': 67, '2': 17}","{'0': 16, '1': 16, '2': 16}",2078.0,2078.0,0.0,"{'0': 29, '1': 69, '2': 22}","{'0': 29, '1': 71, '2': 20}",40.0,0.0,40.0,40.0,0.0,0.0,0.0,0.0,0.0,,,0,0,[],0.9,0.25,True,0.25,light,40.0,0.0,0.0,0.0,0.0,0.0,135.0,68.0,0.396596353477051,0.0,2.791285014582447,"{""accepted_dcv_improvement_swaps"": 0, ""accepted_fscore_swaps"": 0, ""accepted_mf_dcv_moves"": 0, ""accepted_spread_safe_swaps"": 0, ""best_generation"": 0, ""candidate_pool_size"": 500, ""crossover_rate"": 0.9, ""dcv_after_parity_repair_estimated"": null, ""dcv_before_parity_repair"": null, ""diversity_score"": 0.396596353477051, ""duplicate_repairs"": 0, ""final_fitness"": 2.791285014582447, ""generations"": 10, ""initial_population_size"": 16, ""local_search_attempts"": 40, ""local_search_enabled"": true, ""local_search_improvements"": 0, ""local_search_intensity"": ""light"", ""local_search_top_elites"": 0.25, ""mutation_rate"": 0.25, ""optimizer_mode"": ""evolutionary_memetic"", ""parity_repair_attempts"": 0, ""parity_repair_successes"": 0, ""rejected_dcv_worsening_swaps"": 0, ""rejected_fairness_drops"": 40, ""repair_attempts"": 2078, ""successful_swaps"": 0, ""swap_attempts"": 40, ""weak_group_repairs"": 2078}",20,300,16,10,diffusion=ic | community=leiden | embedding=gcn | clustering=none | clustering_input_mode=none | ranking=gcn | optimizer=evolutionary_memetic | debias_mode=none | search_estimator=fairness_aware_ris | final_estimator=monte_carlo | fair_ris=True,True,basic,False,0.4,0.5,4.0,1.0,4.0,0.8,4.0,0.2,True,True,balanced,gcn,1039.0,0.0,"{""0"": 7, ""1"": 18, ""10"": 21, ""104"": 1, ""110"": 1, ""13"": 1, ""17"": 3, ""18"": 2, ""19"": 16, ""2"": 6, ""20"": 1, ""22"": 6, ""24"": 5, ""27"": 5, ""29"": 6, ""3"": 1, ""35"": 2, ""38"": 2, ""4"": 6, ""5"": 1, ""7"": 1, ""78"": 1, ""8"": 2, ""9"": 5}","{""0"": 7, ""1"": 18, ""10"": 21, ""104"": 1, ""110"": 1, ""13"": 1, ""17"": 3, ""18"": 2, ""19"": 16, ""2"": 6, ""20"": 1, ""22"": 6, ""24"": 5, ""27"": 5, ""29"": 6, ""3"": 1, ""35"": 2, ""38"": 2, ""4"": 6, ""5"": 1, ""7"": 1, ""78"": 1, ""8"": 2, ""9"": 5}",0.2033898305084746,"{""0"": 25, ""1"": 85, ""2"": 10}",118,0.655834799478443,C:\Users\User\Desktop\VKU-Internship-2026\results\clustering_kmeans_diagnostic_only\runs\seed_42\budget_120\color\twitter\color\twitter_gcn_community_ea_memetic_combined_candidate_scores.csv,C:\Users\User\Desktop\VKU-Internship-2026\results\clustering_kmeans_diagnostic_only\runs\seed_42\budget_120\color\twitter\embeddings\twitter_gcn_embeddings.pkl,hit,miss,miss,miss,569.0,165471.0,14.0,C:\Users\User\Desktop\VKU-Internship-2026\results\clustering_kmeans_diagnostic_only\runs\seed_42\budget_120\color\twitter\color\twitter_gcn_community_ea_memetic_leiden_community_assignments.csv,C:\Users\User\Desktop\VKU-Internship-2026\results\clustering_kmeans_diagnostic_only\runs\seed_42\budget_120\color\twitter\color\twitter_gcn_community_ea_memetic_leiden_community_sizes.csv,C:\Users\User\Desktop\VKU-Internship-2026\results\clustering_kmeans_diagnostic_only\runs\seed_42\budget_120\color\twitter\color\twitter_gcn_community_ea_memetic_diagnostics.json,"{""adaptive_fairness_multiplier"": 2.0, ""all_candidate_score_components_constant"": false, ""budget"": 120, ""budget_adequacy_warning"": ""Budget may be too small for stable fairness on this graph. Reasons: protected-group imbalance ratio above warning threshold"", ""budget_per_group_estimate"": {""0"": 25.963229416466827, ""1"": 88.08952837729817, ""2"": 5.947242206235012}, ""cluster_balance_enabled"": false, ""cluster_coverage_ratio"": 0.0, ""cluster_diversity_weight"": 0.3, ""cluster_repair_enabled"": false, ""cluster_sizes_json"": ""{\""0\"": 34, \""1\"": 20, \""2\"": 55, \""3\"": 51, \""4\"": 36, \""5\"": 105, \""6\"": 88, \""7\"": 70, \""8\"": 7, \""9\"": 39, \""10\"": 6, \""11\"": 80, \""12\"": 70, \""13\"": 155, \""14\"": 40, \""15\"": 102, \""16\"": 37, \""17\"": 53, \""18\"": 59, \""19\"": 50, \""20\"": 25, \""21\"": 75, \""22\"": 35, \""23\"": 9, \""24\"": 154, \""25\"": 37, \""26\"": 14, \""27\"": 22, \""28\"": 71, \""29\"": 43, \""30\"": 123, \""31\"": 24, \""32\"": 13, \""33\"": 133, \""34\"": 22, \""35\"": 163, \""36\"": 72, \""37\"": 19, \""38\"": 46, \""39\"": 82, \""40\"": 12, \""41\"": 35, \""42\"": 22, \""43\"": 78, \""44\"": 29, \""45\"": 13, \""46\"": 22, \""47\"": 56, \""48\"": 35, \""49\"": 3, \""50\"": 59, \""51\"": 28, \""52\"": 68, \""53\"": 85, \""54\"": 51, \""55\"": 69, \""56\"": 57, \""57\"": 52, \""58\"": 3, \""59\"": 35, \""60\"": 91, \""61\"": 29, \""62\"": 34, \""63\"": 37, \""64\"": 5, \""65\"": 61, \""66\"": 9, \""67\"": 7, \""68\"": 8, \""69\"": 24, \""70\"": 41, \""71\"": 26, \""72\"": 22, \""73\"": 20, \""74\"": 22, \""75\"": 2, \""76\"": 8, \""77\"": 26, \""78\"": 9, \""79\"": 5, \""80\"": 5, \""81\"": 14, \""82\"": 11, \""83\"": 8, \""84\"": 19, \""85\"": 2, \""86\"": 8, \""87\"": 21, \""88\"": 5, \""89\"": 2, \""90\"": 3, \""91\"": 1, \""92\"": 1, \""93\"": 4, \""94\"": 1, \""95\"": 4, \""96\"": 4, \""97\"": 1, \""98\"": 1, \""99\"": 1}"", ""clustering_skip_reason"": ""clustering_input_mode=embedding"", ""clusters_covered"": 0, ""constant_components"": {""cluster_coverage_bonus"": true, ""cluster_diversity_bonus"": true, ""combined_score"": false, ""community_diversity_bonus"": false, ""fair_ris_score"": false, ""fairness_bonus"": false, ""ml_score"": false, ""over_served_group_penalty"": true, ""parity_adjusted_score"": false, ""protected_group_coverage_bonus"": true, ""ris_score"": false, ""spread_proxy_score"": false, ""under_served_group_bonus"": true, ""weak_group_bonus"": false}, ""constant_score_components"": ""[\""cluster_coverage_bonus\"", \""cluster_diversity_bonus\"", \""protected_group_coverage_bonus\"", \""under_served_group_bonus\"", \""over_served_group_penalty\""]"", ""dataset"": ""twitter"", ""dcv_target_weight"": 3.0, ""diagnostics_path"": ""C:\\Users\\User\\Desktop\\VKU-Internship-2026\\results\\clustering_kmeans_diagnostic_only\\runs\\seed_42\\budget_120\\color\\twitter\\color\\twitter_gcn_community_ea_memetic_diagnostics.json"", ""effective_ris_num_rr_sets"": 256, ""fair_ris_enabled"": true, ""force_ris_for_all_stacks"": true, ""imbalance_ratio"": 14.811827956989248, ""large_imbalance_fairness_active"": true, ""large_imbalance_fairness_mode"": ""auto"", ""largest_cluster_seed_fraction"": 0.0, ""largest_cluster_size"": 163, ""largest_community_size"": 442, ""largest_group_size"": 2755, ""num_clusters"": 100, ""num_communities"": 118, ""num_edges"": 13986, ""num_nodes"": 3753, ""over_served_penalty_weight"": 2.0, ""parity_error_weight"": 2.0, ""parity_tolerance"": 0.005, ""protected_attribute"": ""color"", ""protected_group_counts"": {""0"": 812, ""1"": 2755, ""2"": 186}, ""require_ris"": true, ""ris_mode"": ""weak_group_weighted"", ""ris_num_rr_sets"": 128, ""ris_reuse_rr_sets"": true, ""score_component_stats_json"": ""{\""cluster_coverage_bonus\"": {\""constant\"": true, \""count\"": 3753, \""max\"": 0.0, \""mean\"": 0.0, \""min\"": 0.0, \""std\"": 0.0}, \""cluster_diversity_bonus\"": {\""constant\"": true, \""count\"": 3753, \""max\"": 0.0, \""mean\"": 0.0, \""min\"": 0.0, \""std\"": 0.0}, \""combined_score\"": {\""constant\"": false, \""count\"": 3753, \""max\"": 8.783991428031285, \""mean\"": 1.6160439001797107, \""min\"": 0.12116118976284275, \""std\"": 1.633352971213335}, \""community_diversity_bonus\"": {\""constant\"": false, \""count\"": 3753, \""max\"": 1.0, \""mean\"": 0.035973135367304246, \""min\"": 0.0, \""std\"": 0.07379084604023162}, \""fair_ris_score\"": {\""constant\"": false, \""count\"": 3753, \""max\"": 1.0, \""mean\"": 0.03685082670944603, \""min\"": 0.0, \""std\"": 0.1408174658369091}, \""fairness_bonus\"": {\""constant\"": false, \""count\"": 3753, \""max\"": 1.0, \""mean\"": 0.29030626812644966, \""min\"": 0.0, \""std\"": 0.3761251735502992}, \""ml_score\"": {\""constant\"": false, \""count\"": 3753, \""max\"": 1.0, \""mean\"": 0.6396104198173931, \""min\"": 0.0, \""std\"": 0.12678273161579678}, \""over_served_group_penalty\"": {\""constant\"": true, \""count\"": 3753, \""max\"": 0.0, \""mean\"": 0.0, \""min\"": 0.0, \""std\"": 0.0}, \""parity_adjusted_score\"": {\""constant\"": false, \""count\"": 3753, \""max\"": 8.783991428031285, \""mean\"": 1.6160439001797107, \""min\"": 0.12116118976284275, \""std\"": 1.633352971213335}, \""protected_group_coverage_bonus\"": {\""constant\"": true, \""count\"": 3753, \""max\"": 0.0, \""mean\"": 0.0, \""min\"": 0.0, \""std\"": 0.0}, \""ris_score\"": {\""constant\"": false, \""count\"": 3753, \""max\"": 1.0, \""mean\"": 0.037037037037037035, \""min\"": 0.0, \""std\"": 0.14075266052430918}, \""spread_proxy_score\"": {\""constant\"": false, \""count\"": 3753, \""max\"": 1.0, \""mean\"": 0.021371630484043374, \""min\"": 0.0, \""std\"": 0.04264050666543153}, \""under_served_group_bonus\"": {\""constant\"": true, \""count\"": 3753, \""max\"": 0.0, \""mean\"": 0.0, \""min\"": 0.0, \""std\"": 0.0}, \""weak_group_bonus\"": {\""constant\"": false, \""count\"": 3753, \""max\"": 1.0, \""mean\"": 0.29030626812644966, \""min\"": 0.0, \""std\"": 0.3761251735502992}}"", ""score_normalization"": ""per_group"", ""score_table_path"": ""C:\\Users\\User\\Desktop\\VKU-Internship-2026\\results\\clustering_kmeans_diagnostic_only\\runs\\seed_42\\budget_120\\color\\twitter\\color\\twitter_gcn_community_ea_memetic_combined_candidate_scores.csv"", ""seed_cluster_counts_json"": ""{}"", ""smallest_cluster_size"": 1, ""smallest_community_size"": 2, ""smallest_group_size"": 186, ""spread_estimator_final"": ""monte_carlo"", ""spread_estimator_search"": ""fairness_aware_ris"", ""stack_name"": ""gcn_community_ea_memetic"", ""time_community_detection"": 0.0657986999995046, ""under_served_bonus_weight"": 1.5, ""use_cluster_diversity_bonus"": false, ""use_clustering_features"": true, ""use_dcv_first_swap_acceptance"": false, ""use_dcv_parity_repair"": false, ""use_dcv_targeting"": false, ""use_fair_ris"": true, ""use_over_served_group_penalty"": false, ""use_ris"": true}",False,"{""cluster_coverage_bonus"": {""constant"": true, ""count"": 3753, ""max"": 0.0, ""mean"": 0.0, ""min"": 0.0, ""std"": 0.0}, ""cluster_diversity_bonus"": {""constant"": true, ""count"": 3753, ""max"": 0.0, ""mean"": 0.0, ""min"": 0.0, ""std"": 0.0}, ""combined_score"": {""constant"": false, ""count"": 3753, ""max"": 8.783991428031285, ""mean"": 1.6160439001797107, ""min"": 0.12116118976284275, ""std"": 1.633352971213335}, ""community_diversity_bonus"": {""constant"": false, ""count"": 3753, ""max"": 1.0, ""mean"": 0.035973135367304246, ""min"": 0.0, ""std"": 0.07379084604023162}, ""fair_ris_score"": {""constant"": false, ""count"": 3753, ""max"": 1.0, ""mean"": 0.03685082670944603, ""min"": 0.0, ""std"": 0.1408174658369091}, ""fairness_bonus"": {""constant"": false, ""count"": 3753, ""max"": 1.0, ""mean"": 0.29030626812644966, ""min"": 0.0, ""std"": 0.3761251735502992}, ""ml_score"": {""constant"": false, ""count"": 3753, ""max"": 1.0, ""mean"": 0.6396104198173931, ""min"": 0.0, ""std"": 0.12678273161579678}, ""over_served_group_penalty"": {""constant"": true, ""count"": 3753, ""max"": 0.0, ""mean"": 0.0, ""min"": 0.0, ""std"": 0.0}, ""parity_adjusted_score"": {""constant"": false, ""count"": 3753, ""max"": 8.783991428031285, ""mean"": 1.6160439001797107, ""min"": 0.12116118976284275, ""std"": 1.633352971213335}, ""protected_group_coverage_bonus"": {""constant"": true, ""count"": 3753, ""max"": 0.0, ""mean"": 0.0, ""min"": 0.0, ""std"": 0.0}, ""ris_score"": {""constant"": false, ""count"": 3753, ""max"": 1.0, ""mean"": 0.037037037037037035, ""min"": 0.0, ""std"": 0.14075266052430918}, ""spread_proxy_score"": {""constant"": false, ""count"": 3753, ""max"": 1.0, ""mean"": 0.021371630484043374, ""min"": 0.0, ""std"": 0.04264050666543153}, ""under_served_group_bonus"": {""constant"": true, ""count"": 3753, ""max"": 0.0, ""mean"": 0.0, ""min"": 0.0, ""std"": 0.0}, ""weak_group_bonus"": {""constant"": false, ""count"": 3753, ""max"": 1.0, ""mean"": 0.29030626812644966, ""min"": 0.0, ""std"": 0.3761251735502992}}","[""cluster_coverage_bonus"", ""cluster_diversity_bonus"", ""protected_group_coverage_bonus"", ""under_served_group_bonus"", ""over_served_group_penalty""]",optional_gnn_comparison=true; ml_guided_only=true; ea_memetic=true; fair_ris_explicit=true; communities=118; modularity=0.655835; embedding_cache=hit; target=label_score; backend=gnn; candidate_pool=500; validation_spearman=-0.0212; validation_precision_at_budget=0.1333; clusters=100; clustering_input_mode=embedding; Search objective used Fair RIS; final metrics reported by Monte Carlo.; history=twitter_gcn_community_ea_memetic_history.csv,,,42
